# BPA WIT Initiative: Centralized Wind Power Forecasting,,,,,,,,,,,,,,,,,,,,,,,,,,,,,,,,,,,,,,,,,,,,,,,,,,,,,,,,,,,,,,,,,,,,,,,,
# Aggregated wind power forecasts for all wind generation in the BPA BAA,,,,,,,,,,,,,,,,,,,,,,,,,,,,,,,,,,,,,,,,,,,,,,,,,,,,,,,,,,,,,,,,,,,,,,,,
# Historical data set,,,,,,,,,,,,,,,,,,,,,,,,,,,,,,,,,,,,,,,,,,,,,,,,,,,,,,,,,,,,,,,,,,,,,,,,
# Data Description: estimated --> AVERAGE <-- generation,,,,,,,,,,,,,,,,,,,,,,,,,,,,,,,,,,,,,,,,,,,,,,,,,,,,,,,,,,,,,,,,,,,,,,,,
# Notes:,,,,,,,,,,,,,,,,,,,,,,,,,,,,,,,,,,,,,,,,,,,,,,,,,,,,,,,,,,,,,,,,,,,,,,,,
# Date/Time is in UTC or Greenwich Mean Time and is the time the forecast was produced,,,,,,,,,,,,,,,,,,,,,,,,,,,,,,,,,,,,,,,,,,,,,,,,,,,,,,,,,,,,,,,,,,,,,,,,
# HR01 is the first hour of the forecast or next hour,,,,,,,,,,,,,,,,,,,,,,,,,,,,,,,,,,,,,,,,,,,,,,,,,,,,,,,,,,,,,,,,,,,,,,,,
# Inquiries at BPA Wind Integration Team / BPAwindintegration@bpa.gov,,,,,,,,,,,,,,,,,,,,,,,,,,,,,,,,,,,,,,,,,,,,,,,,,,,,,,,,,,,,,,,,,,,,,,,,
# ----------------------------------------------------------------------------,,,,,,,,,,,,,,,,,,,,,,,,,,,,,,,,,,,,,,,,,,,,,,,,,,,,,,,,,,,,,,,,,,,,,,,,
Date/Time (UTC),Hr01,Hr02,Hr03,Hr04,Hr05,Hr06,Hr07,Hr08,Hr09,Hr10,Hr11,Hr12,Hr13,Hr14,Hr15,Hr16,Hr17,Hr18,Hr19,Hr20,Hr21,Hr22,Hr23,Hr24,Hr25,Hr26,Hr27,Hr28,Hr29,Hr30,Hr31,Hr32,Hr33,Hr34,Hr35,Hr36,Hr37,Hr38,Hr39,Hr40,Hr41,Hr42,Hr43,Hr44,Hr45,Hr46,Hr47,Hr48,Hr49,Hr50,Hr51,Hr52,Hr53,Hr54,Hr55,Hr56,Hr57,Hr58,Hr59,Hr60,Hr61,Hr62,Hr63,Hr64,Hr65,Hr66,Hr67,Hr68,Hr69,Hr70,Hr71,Hr72
8/1/2013 0:00,1000,1172,1272,1230,1152,1025,952,968,1003,1136,1339,1620,1828,1853,1653,1687,1690,1696,1743,1852,1965,2149,2523,2922,3289,3481,3632,3663,3735,3781,3801,3776,3717,3644,3590,3542,3497,3372,3202,2973,2679,2393,2152,1983,1854,1773,1752,1783,1904,1960,1994,1954,1761,1499,1270,1059,860,701,600,519,422,300,171,108,67,41,25,26,30,37,51,96
8/1/2013 1:00,1262,1274,1200,1145,1001,883,863,929,1014,1238,1521,1735,1839,1828,1811,1737,1741,1781,1879,1998,2176,2525,2911,3283,3501,3635,3690,3732,3780,3801,3772,3715,3635,3594,3550,3474,3392,3235,3038,2754,2421,2177,1991,1877,1787,1808,1830,1894,1993,2042,1931,1733,1464,1207,1009,807,653,539,453,365,258,162,108,68,42,28,25,30,37,49,68,96
8/1/2013 2:00,1317,1243,1182,1056,917,881,905,1024,1250,1533,1742,1830,1833,1815,1751,1759,1806,1905,2011,2195,2535,2916,3273,3485,3637,3689,3782,3774,3790,3763,3708,3633,3580,3539,3463,3348,3226,3041,2780,2460,2150,1967,1825,1754,1770,1834,1879,1958,2018,1956,1697,1440,1187,986,792,646,539,464,374,275,174,114,71,46,29,28,31,37,49,68,92,96
8/1/2013 3:00,1059,1067,949,901,814,858,980,1210,1479,1664,1774,1789,1787,1839,1738,1791,1905,2011,2195,2556,2909,3269,3478,3626,3685,3772,3822,3790,3761,3705,3633,3587,3529,3467,3354,3194,3041,2763,2496,2183,1961,1828,1718,1750,1800,1892,1959,2015,1964,1733,1441,1187,972,790,642,536,468,378,272,174,113,71,45,28,29,31,36,49,65,91,134,96
8/1/2013 4:00,988,914,793,790,844,984,1223,1522,1691,1760,1777,1788,1825,1877,1839,1933,2030,2211,2557,2919,3258,3464,3611,3675,3739,3763,3775,3731,3693,3626,3571,3512,3425,3310,3164,2992,2720,2410,2149,1918,1787,1671,1661,1720,1796,1886,1940,1877,1678,1408,1153,952,767,644,546,479,400,290,185,116,76,46,26,30,31,35,46,69,90,123,199,96
8/1/2013 5:00,882,874,796,881,989,1216,1455,1691,1740,1757,1759,1802,1866,1944,1941,2029,2204,2557,2915,3268,3467,3607,3674,3743,3765,3764,3751,3693,3648,3571,3511,3410,3297,3164,2975,2716,2417,2124,1930,1752,1667,1667,1696,1789,1876,1960,1879,1658,1406,1158,961,768,644,546,474,398,292,186,116,76,45,27,28,31,35,46,66,82,133,188,244,96
8/1/2013 6:00,716,724,770,907,1125,1350,1531,1644,1663,1682,1702,1771,1850,1906,1962,2155,2518,2861,3148,3328,3460,3555,3647,3765,3824,3828,3785,3708,3602,3469,3360,3260,3128,2984,2790,2545,2311,2145,1991,1879,1865,1838,1861,1916,1985,1952,1774,1542,1274,1032,819,666,580,499,408,292,187,114,67,37,19,21,20,24,34,52,73,109,169,213,195,96
8/1/2013 7:00,824,873,923,1123,1300,1536,1638,1661,1705,1713,1801,1876,1919,1983,2168,2529,2859,3132,3331,3451,3555,3653,3742,3814,3833,3781,3690,3607,3500,3360,3263,3140,2975,2759,2553,2304,2142,1975,1881,1828,1837,1856,1915,1977,1953,1807,1543,1275,1036,816,647,561,496,404,292,185,116,67,37,19,21,20,24,32,52,72,108,167,211,193,185,96
8/1/2013 8:00,1026,1085,1257,1453,1658,1716,1713,1741,1751,1800,1881,1957,2035,2200,2539,2858,3130,3299,3432,3548,3648,3740,3789,3819,3788,3704,3605,3508,3401,3275,3155,2997,2763,2544,2327,2157,1995,1899,1865,1840,1864,1969,2028,1971,1845,1601,1308,1057,831,649,532,465,390,275,173,108,61,32,16,19,19,25,33,52,71,95,131,159,133,116,93,96
8/1/2013 9:00,1161,1318,1497,1716,1774,1761,1753,1784,1850,1866,1948,2011,2222,2566,2874,3160,3314,3432,3535,3641,3740,3793,3805,3776,3712,3605,3508,3396,3307,3155,3002,2773,2530,2307,2160,1993,1900,1864,1840,1875,1934,2028,1993,1796,1603,1314,1058,829,651,531,441,369,275,174,106,62,33,16,19,19,26,33,53,68,95,134,157,133,115,92,79,96
8/1/2013 10:00,2047,2133,2207,2271,2302,2294,2209,2177,2071,1994,2032,2198,2569,2920,3196,3342,3416,3466,3536,3620,3665,3650,3598,3521,3454,3395,3312,3266,3188,3075,2802,2506,2173,1893,1629,1455,1352,1295,1302,1485,1631,1733,1741,1640,1465,1188,852,577,446,363,282,190,105,46,24,14,16,18,21,26,33,43,63,96,144,204,207,207,198,174,119,96
8/1/2013 11:00,No Data,No Data,No Data,No Data,No Data,No Data,No Data,No Data,No Data,No Data,No Data,No Data,No Data,No Data,No Data,No Data,No Data,No Data,No Data,No Data,No Data,No Data,No Data,No Data,No Data,No Data,No Data,No Data,No Data,No Data,No Data,No Data,No Data,No Data,No Data,No Data,No Data,No Data,No Data,No Data,No Data,No Data,No Data,No Data,No Data,No Data,No Data,No Data,No Data,No Data,No Data,No Data,No Data,No Data,No Data,No Data,No Data,No Data,No Data,No Data,No Data,No Data,No Data,No Data,No Data,No Data,No Data,No Data,No Data,No Data,No Data,96
8/1/2013 12:00,2234,2294,2304,2317,2275,2225,2188,2186,2144,2263,2565,2927,3201,3343,3413,3468,3543,3614,3645,3640,3593,3532,3462,3402,3313,3266,3160,3069,2886,2673,2423,2193,1955,1800,1805,1839,1882,1959,2033,2045,2052,1948,1770,1428,1079,759,574,459,382,290,203,127,85,63,49,38,33,31,32,39,54,89,136,193,208,216,213,179,122,82,54,96
8/1/2013 13:00,2472,2405,2296,2197,2065,1988,2014,2098,2254,2544,2824,3127,3292,3356,3458,3535,3603,3638,3620,3570,3522,3477,3397,3313,3257,3156,3052,2867,2643,2413,2170,1949,1807,1805,1873,1919,1990,2053,2126,2076,2014,1801,1469,1115,778,595,472,373,283,178,115,82,60,46,38,32,31,31,41,57,88,136,189,202,210,208,174,124,82,53,40,96
8/1/2013 14:00,2368,2322,2200,2095,1973,2013,2098,2299,2587,2891,3134,3314,3405,3442,3549,3607,3647,3631,3578,3515,3469,3409,3309,3254,3158,3057,2860,2643,2422,2187,1974,1812,1803,1858,1929,2004,2054,2098,2148,2039,1878,1497,1148,796,615,489,390,288,189,121,86,60,47,39,37,38,40,51,66,98,144,192,204,212,204,174,125,83,60,44,38,96
8/1/2013 15:00,2454,2322,2221,2087,2013,2123,2321,2625,2907,3164,3314,3403,3428,3485,3614,3648,3638,3587,3514,3444,3400,3324,3254,3156,3052,2857,2628,2413,2164,1949,1830,1784,1855,1877,2010,2037,2100,2109,2101,1880,1597,1141,819,611,488,388,286,181,127,79,61,44,39,36,38,41,52,66,98,147,195,204,215,206,171,122,85,60,44,36,41,96
8/1/2013 16:00,2412,2268,2111,2089,2121,2301,2622,2917,3140,3288,3381,3431,3509,3554,3695,3677,3619,3531,3456,3386,3333,3282,3168,3053,2874,2644,2429,2190,1967,1826,1834,1870,1967,1989,2091,2115,2122,2093,1956,1652,1297,873,674,523,410,300,192,123,85,56,45,36,37,40,46,52,65,98,144,197,209,216,212,175,120,82,62,44,35,38,43,96
8/1/2013 17:00,2412,2268,2111,2089,2121,2301,2622,2917,3140,3288,3381,3431,3509,3554,3695,3677,3619,3531,3456,3386,3333,3282,3168,3053,2874,2644,2429,2190,1967,1826,1834,1870,1967,1989,2091,2115,2122,2093,1956,1652,1297,873,674,523,410,300,192,123,85,56,45,36,37,40,46,52,65,98,144,197,209,216,212,175,120,82,62,44,35,38,43,96
8/1/2013 18:00,2412,2268,2111,2089,2121,2301,2622,2917,3140,3288,3381,3431,3509,3554,3695,3677,3619,3531,3456,3386,3333,3282,3168,3053,2874,2644,2429,2190,1967,1826,1834,1870,1967,1989,2091,2115,2122,2093,1956,1652,1297,873,674,523,410,300,192,123,85,56,45,36,37,40,46,52,65,98,144,197,209,216,212,175,120,82,62,44,35,38,43,96
8/1/2013 19:00,2412,2268,2111,2089,2121,2301,2622,2917,3140,3288,3381,3431,3509,3554,3695,3677,3619,3531,3456,3386,3333,3282,3168,3053,2874,2644,2429,2190,1967,1826,1834,1870,1967,1989,2091,2115,2122,2093,1956,1652,1297,873,674,523,410,300,192,123,85,56,45,36,37,40,46,52,65,98,144,197,209,216,212,175,120,82,62,44,35,38,43,96
8/1/2013 20:00,2254,2402,2678,2946,3204,3382,3464,3557,3636,3660,3661,3695,3663,3580,3504,3416,3326,3247,3167,3051,2891,2688,2452,2170,1944,1808,1774,1826,1878,1921,1948,1991,1981,1932,1833,1567,1217,894,675,521,389,262,156,93,47,24,16,19,29,38,45,49,59,83,110,133,160,188,198,179,131,84,61,47,35,43,52,68,102,150,178,96
8/1/2013 21:00,2408,2668,2970,3208,3359,3438,3511,3604,3651,3656,3628,3648,3606,3532,3424,3333,3242,3150,3058,2885,2673,2446,2206,1930,1807,1771,1776,1858,1932,1958,1954,1956,1923,1791,1567,1222,894,675,527,399,272,148,93,50,25,16,19,26,40,47,50,57,81,114,135,160,187,194,172,128,85,61,46,39,45,49,68,103,150,182,187,96
8/1/2013 22:00,2919,3146,3311,3464,3564,3621,3606,3617,3644,3702,3662,3619,3528,3427,3414,3310,3284,3271,3218,3075,2926,2743,2538,2308,2239,2157,2114,2135,2111,2047,1869,1653,1457,1151,842,576,401,267,178,132,93,61,46,43,49,59,74,79,83,85,102,129,165,209,268,353,407,373,287,206,154,117,98,85,73,89,112,145,161,164,153,96
8/1/2013 23:00,3172,3363,3492,3581,3651,3615,3608,3637,3677,3705,3602,3535,3457,3379,3313,3293,3281,3229,3098,2931,2723,2522,2342,2237,2169,2120,2071,2116,2022,1873,1649,1403,1146,844,576,399,268,177,134,93,67,45,47,48,62,72,82,81,85,99,129,168,208,264,344,402,377,280,205,154,117,99,86,78,82,107,145,162,167,158,142,96
8/2/2013 0:00,3391,3567,3648,3649,3626,3576,3549,3566,3608,3616,3537,3498,3427,3374,3355,3318,3240,3110,2951,2712,2465,2274,2162,2087,2059,2022,1955,1918,1754,1507,1287,967,706,454,293,193,130,87,53,33,27,30,40,53,71,74,82,83,99,121,157,208,252,327,380,359,276,196,150,120,99,89,81,90,101,137,156,164,152,144,134,96
8/2/2013 1:00,3550,3636,3661,3612,3605,3555,3583,3569,3588,3557,3462,3409,3376,3309,3298,3235,3116,2956,2760,2513,2290,2166,2118,2067,2039,1995,1869,1732,1489,1245,941,661,443,303,203,129,87,50,36,27,33,43,56,68,82,82,88,103,126,160,206,256,317,356,344,268,196,145,116,100,89,87,91,102,130,155,159,153,140,131,126,96
8/2/2013 2:00,3604,3637,3611,3597,3588,3587,3580,3542,3527,3510,3405,3380,3344,3259,3235,3105,2956,2739,2509,2275,2146,2082,2080,2031,1981,1864,1665,1461,1235,918,646,413,293,193,122,81,47,32,26,31,45,50,58,67,72,76,90,122,148,197,247,320,349,326,251,193,145,106,83,78,77,81,87,116,132,142,135,129,125,124,117,96
8/2/2013 3:00,3662,3628,3603,3599,3644,3632,3580,3494,3484,3446,3363,3342,3281,3175,3121,2962,2771,2523,2297,2157,2082,2081,2064,1998,1882,1694,1441,1215,928,648,415,283,195,121,80,47,32,25,33,45,51,59,65,69,77,92,123,157,191,247,316,352,327,251,183,146,105,83,73,76,84,87,115,132,139,134,129,125,122,120,138,96
8/2/2013 4:00,3635,3591,3586,3590,3594,3588,3521,3466,3456,3431,3345,3285,3162,3002,2934,2735,2515,2293,2161,2051,1997,1991,1947,1816,1645,1401,1194,882,622,392,263,179,116,75,47,31,23,32,46,54,57,61,63,67,89,118,156,201,237,317,357,327,250,185,141,108,79,72,71,83,93,113,128,134,128,127,124,121,117,132,156,96
8/2/2013 5:00,3609,3566,3608,3577,3573,3547,3528,3431,3411,3369,3284,3155,3001,2825,2749,2512,2313,2171,2082,2011,1964,1948,1847,1662,1411,1182,892,612,394,265,182,112,77,45,32,23,32,45,57,60,61,65,66,80,119,154,201,254,305,363,323,269,187,142,105,83,71,70,77,92,115,129,135,128,126,124,118,116,134,159,186,96
8/2/2013 6:00,3644,3667,3599,3560,3501,3453,3384,3230,3164,3125,3023,2881,2691,2482,2348,2143,2090,2003,1909,1783,1721,1617,1443,1199,935,642,430,230,135,78,49,29,12,9,13,22,40,51,57,56,60,67,81,100,137,181,241,311,335,319,244,186,135,99,77,66,62,72,89,115,136,137,129,129,123,113,107,126,157,184,213,96
8/2/2013 7:00,3645,3637,3553,3499,3439,3404,3281,3149,3101,3030,2878,2660,2507,2311,2158,2088,2035,1917,1815,1709,1620,1442,1200,935,651,427,228,132,80,48,28,13,9,12,22,40,54,55,57,62,69,79,99,124,178,238,311,358,315,247,171,144,99,76,65,63,72,88,111,135,139,131,128,124,117,106,126,150,186,215,243,96
8/2/2013 8:00,3523,3529,3457,3403,3346,3245,3170,3067,2970,2846,2663,2467,2352,2242,2116,2049,1965,1849,1785,1668,1502,1258,987,705,468,259,158,103,66,42,21,13,15,20,40,52,55,54,59,66,75,93,120,156,232,304,356,340,243,173,133,108,77,68,62,73,86,105,127,134,129,130,124,122,117,135,172,208,247,300,337,96
8/2/2013 9:00,3504,3474,3371,3332,3232,3137,3086,2953,2816,2636,2488,2267,2208,2174,2064,1964,1868,1784,1685,1507,1258,986,689,473,260,157,101,66,41,22,13,15,22,38,52,55,57,58,66,80,96,117,153,211,306,374,339,267,174,139,107,81,67,63,71,88,104,126,132,129,131,126,121,117,139,179,214,254,296,336,365,96
8/2/2013 10:00,No Data,No Data,No Data,No Data,No Data,No Data,No Data,No Data,No Data,No Data,No Data,No Data,No Data,No Data,No Data,No Data,No Data,No Data,No Data,No Data,No Data,No Data,No Data,No Data,No Data,No Data,No Data,No Data,No Data,No Data,No Data,No Data,No Data,No Data,No Data,No Data,No Data,No Data,No Data,No Data,No Data,No Data,No Data,No Data,No Data,No Data,No Data,No Data,No Data,No Data,No Data,No Data,No Data,No Data,No Data,No Data,No Data,No Data,No Data,No Data,No Data,No Data,No Data,No Data,No Data,No Data,No Data,No Data,No Data,No Data,No Data,96
8/2/2013 11:00,3355,3327,3170,3082,2968,2814,2588,2313,2087,1865,1751,1688,1706,1762,1736,1832,1882,1693,1404,1140,872,631,478,369,287,248,179,105,49,20,12,11,12,19,21,28,35,35,42,49,54,59,94,104,115,97,78,71,53,40,30,24,22,37,71,109,122,110,94,85,77,85,107,132,165,203,238,263,296,325,345,96
8/2/2013 12:00,3316,3208,3089,2989,2861,2643,2396,2133,1869,1704,1637,1629,1726,1864,1901,1925,1809,1536,1279,971,706,499,383,310,255,179,105,51,21,10,9,11,20,22,28,33,40,40,49,61,68,86,110,108,93,75,69,53,43,36,27,23,32,59,93,109,99,86,76,75,78,100,124,160,192,227,273,285,327,350,370,96
8/2/2013 13:00,3232,3124,3048,2905,2686,2410,2146,1869,1683,1604,1588,1670,1796,1927,1956,1734,1488,1193,892,645,444,340,288,240,170,103,48,21,11,9,10,17,19,26,30,35,41,45,54,66,85,87,90,78,60,57,47,38,32,29,21,32,59,86,104,99,89,73,70,80,96,131,153,192,226,259,295,320,345,361,377,96
8/2/2013 14:00,3122,3069,2915,2705,2438,2154,1906,1710,1633,1606,1696,1827,1945,1975,1755,1485,1189,891,648,445,342,288,243,166,99,46,19,11,9,11,16,18,25,30,35,41,46,55,66,91,93,89,75,63,56,47,39,32,28,24,30,62,84,100,89,82,72,72,86,114,144,192,211,253,269,303,351,368,350,375,375,96
8/2/2013 15:00,3029,2884,2640,2384,2125,1862,1702,1619,1595,1664,1800,1952,1961,1857,1480,1187,882,648,445,342,291,242,167,99,45,19,10,9,14,17,19,26,30,34,41,48,56,65,91,107,89,71,59,56,43,39,34,28,24,33,62,87,100,91,78,70,72,89,111,159,179,212,251,271,299,323,368,368,356,368,323,96
8/2/2013 16:00,2941,2734,2444,2218,1948,1759,1668,1629,1673,1806,1963,2024,1875,1620,1211,902,660,459,349,297,245,167,95,43,18,10,9,12,22,19,26,32,34,40,49,62,69,91,107,102,83,54,57,45,34,33,30,25,34,64,88,104,90,79,70,71,85,112,155,209,226,260,288,295,325,342,370,374,360,338,270,96
8/2/2013 17:00,2752,2459,2136,1889,1726,1617,1603,1656,1791,1922,1976,1883,1588,1327,897,667,460,349,296,245,167,95,42,18,10,9,10,21,23,27,30,34,40,49,62,74,93,107,105,89,61,49,44,35,28,30,26,36,64,90,104,94,80,68,70,83,112,163,194,246,260,287,322,316,331,343,375,371,319,290,226,96
8/2/2013 18:00,2543,2189,1872,1714,1635,1621,1732,1899,2018,2061,1965,1772,1508,1264,846,599,438,354,287,197,125,62,27,15,14,17,22,27,34,31,33,39,47,57,71,94,108,99,84,72,55,41,35,29,24,24,36,68,100,120,108,89,82,78,94,118,162,193,230,263,287,301,328,328,348,357,372,331,285,232,192,96
8/2/2013 19:00,2159,1878,1697,1599,1575,1649,1862,2024,2074,1931,1763,1495,1246,971,595,435,352,291,194,126,62,27,15,14,17,24,24,32,35,36,40,49,57,72,95,102,104,85,73,54,42,36,31,29,22,36,68,100,119,111,92,81,77,93,118,154,199,224,258,290,307,322,340,332,329,345,330,272,219,205,183,96
8/2/2013 20:00,1795,1636,1539,1525,1579,1751,1922,2005,1867,1677,1432,1184,898,676,411,332,275,182,119,61,26,15,15,23,35,41,40,47,59,56,61,71,85,108,120,109,92,74,63,43,39,34,32,26,50,88,120,144,133,115,96,90,96,105,124,148,176,200,225,246,263,273,286,301,307,286,257,184,155,155,155,96
8/2/2013 21:00,1480,1432,1455,1523,1698,1851,1938,1849,1661,1404,1168,874,620,497,327,273,186,117,60,26,15,16,23,36,41,44,40,53,59,63,74,89,107,121,114,92,75,63,48,37,34,34,31,46,84,122,139,128,112,97,88,97,109,124,146,172,200,220,239,261,278,285,305,307,266,231,203,158,143,165,242,96
8/2/2013 22:00,961,1064,1205,1369,1504,1650,1654,1556,1360,1068,734,435,290,214,168,94,60,25,14,11,18,30,44,53,52,57,56,68,84,106,143,186,216,187,128,88,66,51,37,27,25,25,40,77,105,124,108,95,84,80,82,95,111,139,178,219,231,194,152,119,139,176,216,203,171,148,127,106,103,168,245,96
8/2/2013 23:00,1046,1188,1361,1499,1648,1648,1551,1357,1076,732,435,288,210,165,89,57,27,14,11,19,29,45,54,53,57,62,61,79,105,145,187,221,190,128,89,65,52,40,28,22,25,39,81,110,124,111,94,88,79,82,94,116,131,171,220,232,194,148,120,142,180,217,202,171,139,123,111,108,161,244,374,96
8/3/2013 0:00,1199,1393,1544,1680,1662,1572,1368,1088,704,429,278,205,162,123,59,27,10,11,19,30,43,54,54,58,61,67,75,106,150,193,225,195,130,89,65,51,38,32,25,20,41,79,114,129,110,95,87,83,82,94,115,140,169,215,233,194,146,117,143,183,219,212,172,139,110,107,115,168,240,369,561,96
8/3/2013 1:00,1370,1556,1644,1636,1516,1297,1038,708,453,294,233,172,127,87,53,24,14,18,31,44,52,57,61,67,85,116,140,174,239,265,220,145,93,67,52,37,28,25,24,38,73,102,115,99,85,75,69,72,91,123,163,223,255,284,239,179,146,179,219,273,246,206,162,129,107,115,175,287,423,647,985,96
8/3/2013 2:00,1568,1680,1648,1508,1295,1057,709,461,295,238,161,127,90,60,26,16,20,28,39,45,45,49,58,73,104,131,162,219,252,221,143,96,66,45,34,25,18,17,28,57,86,98,88,74,64,56,56,84,123,161,217,270,285,254,199,166,191,228,275,258,218,173,138,120,118,188,317,485,719,983,1329,96
8/3/2013 3:00,1642,1653,1509,1275,1039,728,469,311,224,166,105,77,44,30,16,19,26,39,44,47,48,59,74,104,133,160,222,250,223,151,96,69,47,30,25,18,15,27,55,87,99,92,75,64,56,59,83,126,162,216,268,285,248,199,170,191,227,265,257,217,175,139,120,118,188,308,479,731,1013,1326,1521,96
8/3/2013 4:00,1637,1569,1358,1038,737,468,322,254,173,114,66,44,25,16,19,26,35,42,45,48,59,72,99,126,159,224,249,220,155,99,66,48,31,21,18,16,25,56,81,97,93,76,60,52,57,85,134,178,227,279,308,261,212,186,213,244,277,262,223,179,144,122,125,191,329,520,792,1108,1375,1512,1651,96
8/3/2013 5:00,1578,1365,1039,735,477,330,252,181,118,67,37,25,13,15,26,33,39,45,46,58,72,99,125,160,224,253,220,150,102,71,49,30,24,18,14,27,56,83,95,90,75,63,53,58,89,143,190,223,270,317,269,213,189,221,244,277,261,218,178,144,125,125,191,322,519,791,1114,1397,1557,1560,1684,96
8/3/2013 6:00,1143,807,514,277,170,122,93,67,35,14,8,7,13,17,29,33,33,37,42,55,76,121,171,238,261,223,155,99,70,46,30,21,16,15,22,58,93,111,107,93,84,78,73,94,136,177,220,268,311,279,223,196,225,267,300,296,259,216,177,166,170,249,402,569,827,1134,1412,1602,1573,1604,1670,96
8/3/2013 7:00,752,471,259,164,112,85,53,33,13,6,7,12,18,24,33,33,36,42,54,75,119,166,237,264,223,149,100,66,48,27,21,16,15,22,57,92,111,106,92,82,80,76,94,131,177,229,273,311,271,234,194,226,266,310,298,260,213,178,164,170,245,402,569,859,1134,1396,1585,1672,1622,1603,1608,96
8/3/2013 8:00,387,212,132,88,67,43,24,10,6,6,10,19,27,26,32,29,39,50,72,114,165,228,253,219,148,101,64,42,29,21,15,15,22,54,86,105,104,90,76,76,79,95,130,170,217,265,303,254,210,190,208,245,291,288,250,208,172,156,160,235,376,552,842,1141,1336,1511,1612,1627,1567,1504,1449,96
8/3/2013 9:00,172,114,79,62,43,19,9,5,5,10,22,28,33,29,31,33,48,68,114,169,227,256,218,150,95,66,42,25,22,15,14,22,53,86,105,99,90,77,71,77,98,130,175,221,270,299,255,202,187,217,248,289,284,255,208,175,156,160,234,376,532,804,1161,1403,1486,1601,1649,1603,1519,1444,1350,96
8/3/2013 10:00,188,120,79,58,34,25,18,19,19,35,46,48,53,46,52,62,82,122,168,228,224,197,121,78,48,33,30,17,10,9,18,41,67,86,86,75,65,61,57,76,108,145,171,190,194,181,154,169,213,262,293,287,267,252,237,254,309,384,501,685,972,1265,1588,1710,1763,1796,1725,1583,1444,1338,1214,96
8/3/2013 11:00,103,63,47,29,19,13,13,18,34,43,47,48,50,45,61,82,122,168,228,221,187,131,76,52,33,30,17,8,11,19,42,67,85,88,74,63,63,57,75,107,146,171,191,197,186,165,162,205,263,299,292,265,243,241,255,310,384,493,688,972,1280,1530,1712,1787,1761,1711,1582,1450,1335,1205,1076,96
8/3/2013 12:00,94,63,37,25,18,19,19,33,40,47,43,49,46,55,80,126,158,220,214,176,117,78,45,34,28,15,7,8,19,41,62,79,83,73,59,57,57,72,99,138,162,178,175,161,143,151,179,233,275,271,231,201,186,188,224,322,452,645,962,1285,1568,1681,1789,1742,1641,1512,1391,1278,1151,1007,854,96
8/3/2013 13:00,62,39,26,18,16,17,25,34,42,44,41,47,58,71,116,166,216,220,172,113,72,48,31,27,14,7,7,16,43,65,79,84,73,62,56,53,70,97,133,159,177,172,159,138,145,181,228,273,272,230,206,186,190,215,299,453,627,931,1279,1571,1735,1756,1753,1658,1512,1374,1287,1142,996,863,748,96
8/3/2013 14:00,39,24,18,18,20,28,39,42,43,47,45,60,84,110,163,216,224,180,111,71,48,34,25,17,7,10,17,42,68,83,83,74,63,62,52,69,99,131,152,161,156,140,122,118,163,217,255,254,235,208,180,181,208,295,446,631,938,1305,1610,1811,1890,1829,1720,1570,1420,1301,1187,1029,892,777,657,96
8/3/2013 15:00,29,24,19,22,25,39,42,42,42,50,58,78,127,154,221,224,183,114,70,47,35,26,17,8,9,18,42,65,85,86,73,63,60,55,67,98,131,152,162,154,141,126,126,163,219,259,251,228,221,194,178,201,292,447,634,937,1305,1610,1806,1903,1889,1739,1578,1420,1309,1161,1035,886,760,653,519,96
8/3/2013 16:00,33,26,25,32,43,43,43,38,44,60,84,126,181,213,223,182,114,69,45,34,29,16,9,11,19,43,68,84,91,76,63,61,56,70,95,129,148,161,149,132,120,124,160,208,251,244,221,199,199,191,211,284,430,615,960,1340,1676,1868,1899,1916,1759,1611,1438,1331,1202,1054,920,782,663,543,418,96
8/3/2013 17:00,20,24,30,40,43,42,39,43,60,87,130,182,221,213,183,115,69,44,32,27,18,8,11,19,43,68,87,88,83,65,61,56,69,95,129,149,160,151,134,116,127,168,214,252,245,221,199,189,193,215,284,420,611,936,1336,1670,1868,1939,1868,1768,1614,1452,1331,1201,1057,908,788,670,534,418,300,96
8/3/2013 18:00,27,34,45,48,46,43,43,48,79,118,172,216,204,155,108,64,44,32,25,16,8,9,18,40,64,74,74,63,55,46,46,66,103,168,180,185,166,144,117,116,166,207,251,252,230,204,195,196,215,291,416,609,913,1290,1634,1826,1902,1842,1730,1565,1393,1279,1145,1009,865,749,628,509,387,285,186,96
8/3/2013 19:00,32,43,45,44,40,41,46,64,113,164,208,206,147,95,68,47,32,26,15,7,9,18,40,62,76,75,63,52,49,48,64,101,155,184,188,164,143,117,117,156,210,254,251,247,203,193,196,211,280,416,599,914,1277,1602,1821,1898,1889,1721,1567,1393,1280,1144,1009,867,750,625,508,386,276,186,112,96
8/3/2013 20:00,42,45,44,39,40,45,63,91,155,203,211,166,98,61,48,33,26,17,7,8,14,37,59,71,75,62,51,44,51,65,100,150,178,192,172,145,124,126,163,212,261,270,239,231,201,205,220,295,423,619,921,1282,1587,1789,1878,1880,1754,1567,1394,1275,1146,1002,862,744,623,500,394,277,185,119,78,96
8/3/2013 21:00,46,43,39,39,45,58,90,143,201,198,163,110,65,48,33,25,16,8,8,14,37,58,71,72,63,53,46,46,68,100,149,176,189,167,141,124,127,162,208,252,257,255,218,208,209,225,296,426,608,925,1278,1584,1751,1851,1852,1747,1564,1394,1276,1139,1003,857,743,623,500,383,288,188,116,81,82,96
8/3/2013 22:00,40,37,33,39,44,62,92,129,126,104,67,45,34,31,23,11,7,6,10,23,42,54,57,51,46,45,46,62,93,145,209,281,308,288,248,225,248,281,308,286,252,211,168,152,166,217,338,515,770,1088,1363,1606,1784,1896,1795,1563,1338,1220,1080,960,848,754,666,563,451,350,254,168,122,116,124,96
8/3/2013 23:00,37,33,38,44,62,85,124,124,104,65,45,34,31,26,10,7,6,10,22,42,54,57,52,45,45,45,63,91,145,211,277,308,286,243,226,252,286,308,287,247,203,180,145,166,228,344,516,784,1102,1370,1599,1773,1865,1805,1562,1335,1202,1078,957,841,755,663,560,445,348,245,171,120,111,125,147,96
8/4/2013 0:00,30,40,46,57,81,118,127,102,64,43,30,24,22,21,6,6,10,24,42,56,57,54,47,45,45,60,83,127,198,278,311,285,246,231,262,294,316,299,260,212,190,181,181,263,395,552,814,1123,1389,1606,1810,1839,1771,1579,1348,1208,1074,957,850,753,662,554,434,326,238,165,125,106,115,148,191,96
8/4/2013 1:00,41,48,57,71,91,98,80,49,31,24,18,17,14,9,9,12,21,42,56,58,52,49,41,46,60,88,127,200,271,307,277,246,235,266,296,320,296,258,212,187,171,197,259,402,585,849,1144,1430,1645,1788,1897,1766,1573,1378,1230,1084,967,848,754,665,552,428,317,225,164,124,111,113,128,184,263,96
8/4/2013 2:00,50,55,72,95,91,81,49,30,23,18,16,13,9,8,11,21,39,52,54,48,44,42,44,64,102,158,222,295,328,300,270,255,285,313,337,310,268,226,201,182,201,280,434,621,879,1143,1432,1639,1766,1814,1731,1546,1358,1216,1064,945,832,740,650,538,417,309,220,145,110,96,98,103,125,174,274,96
8/4/2013 3:00,56,70,95,97,76,49,30,25,18,17,12,9,7,10,21,40,52,53,48,44,41,46,61,102,157,236,299,331,302,272,257,285,318,340,311,266,223,200,183,197,271,409,627,880,1151,1416,1640,1785,1841,1733,1553,1345,1222,1085,930,836,740,652,538,420,309,221,151,102,93,96,103,125,179,259,452,96
8/4/2013 4:00,73,86,89,76,46,32,24,21,18,15,9,8,9,18,42,52,51,47,44,45,56,72,111,166,244,324,359,332,286,265,292,325,356,323,278,230,206,191,207,284,427,588,893,1134,1381,1599,1770,1849,1751,1553,1347,1198,1064,929,802,723,627,524,402,297,210,144,104,84,88,97,113,147,217,377,632,96
8/4/2013 5:00,100,93,78,52,35,23,18,19,16,12,8,12,16,29,52,51,48,44,45,58,71,108,165,244,324,365,338,288,268,296,325,356,331,280,229,205,193,203,280,430,605,837,1156,1418,1599,1766,1830,1772,1554,1359,1221,1065,928,818,716,630,523,406,297,211,144,105,86,84,96,112,146,217,380,578,889,96
8/4/2013 6:00,139,105,72,49,30,27,27,22,18,13,14,21,37,48,61,58,56,57,74,96,133,189,262,325,351,320,284,262,291,329,341,308,259,203,171,165,186,248,376,552,825,1092,1379,1557,1781,1831,1736,1570,1350,1221,1072,927,815,728,638,524,408,308,213,149,106,88,84,95,115,151,228,398,619,866,1171,96
8/4/2013 7:00,132,88,56,40,32,30,24,21,16,18,22,39,46,57,59,55,61,73,100,142,191,263,328,353,320,285,269,292,328,344,315,269,222,174,165,186,248,377,548,821,1113,1374,1586,1772,1825,1743,1552,1355,1212,1076,939,811,726,638,531,409,305,210,149,106,88,85,101,116,154,228,395,616,875,1102,1396,96
8/4/2013 8:00,107,73,52,40,32,30,22,20,21,27,43,54,58,60,58,62,81,103,147,200,278,339,368,343,301,286,305,334,341,314,272,221,192,167,185,242,366,531,789,1071,1327,1522,1677,1755,1661,1496,1314,1181,1034,919,811,718,640,529,410,305,209,146,104,89,86,97,129,171,259,431,657,931,1164,1400,1589,96
8/4/2013 9:00,87,59,40,35,28,23,18,21,29,39,51,60,58,57,61,78,106,145,202,267,330,359,336,304,286,303,341,346,314,270,227,189,184,185,247,371,531,791,1056,1309,1532,1674,1743,1669,1492,1302,1188,1045,908,813,725,634,535,417,305,211,146,101,88,85,97,123,180,271,430,657,910,1152,1386,1557,1615,96
8/4/2013 10:00,54,42,28,19,16,14,15,24,37,47,53,54,57,73,101,147,214,309,389,457,483,430,387,362,382,405,419,373,309,244,207,181,183,221,312,448,651,937,1110,1328,1472,1572,1489,1372,1201,1048,858,702,622,567,507,415,325,235,170,116,78,68,71,93,170,323,528,790,1000,1286,1537,1748,1856,1900,1851,96
8/4/2013 11:00,39,26,18,15,13,14,22,37,47,52,54,57,73,102,146,216,312,377,460,483,425,373,337,385,412,421,370,307,244,203,187,184,229,308,451,659,937,1122,1289,1464,1570,1470,1345,1205,1043,843,705,629,573,504,412,320,239,169,115,78,66,71,93,171,310,530,788,1073,1342,1523,1741,1877,1874,1832,1788,96
8/4/2013 12:00,15,12,11,11,9,21,31,46,49,52,58,74,113,160,262,360,452,501,513,454,395,361,373,407,426,378,312,252,213,191,191,233,325,440,631,892,1064,1251,1401,1542,1493,1350,1204,1048,840,673,611,562,511,412,312,230,169,111,75,64,67,92,169,308,512,780,1061,1334,1565,1738,1885,1897,1815,1762,1706,96
8/4/2013 13:00,9,8,7,9,17,28,41,51,53,60,81,118,180,314,397,492,540,560,497,417,365,385,403,431,367,306,256,218,196,197,237,320,451,631,892,1069,1249,1410,1514,1463,1357,1194,1036,840,668,591,550,499,417,308,228,160,110,72,59,63,85,164,300,497,743,1044,1307,1541,1702,1848,1883,1833,1757,1711,1701,96
8/4/2013 14:00,9,8,10,20,29,45,50,54,62,82,117,171,312,400,489,540,562,498,418,366,375,407,420,366,300,251,218,189,193,226,308,439,639,895,1068,1260,1407,1526,1468,1353,1191,1023,831,678,584,543,496,405,311,224,155,106,70,52,61,82,158,294,486,730,1027,1292,1515,1708,1800,1852,1819,1765,1690,1650,1643,96
8/4/2013 15:00,7,10,18,29,43,53,51,60,81,112,164,253,401,500,540,562,498,418,367,376,403,426,367,308,250,216,191,195,229,295,429,633,886,1060,1264,1418,1524,1481,1344,1194,1023,823,678,592,541,487,403,312,227,156,105,68,52,52,85,158,290,488,727,1027,1293,1517,1708,1848,1859,1819,1767,1698,1644,1619,1581,96
8/4/2013 16:00,9,17,29,41,51,52,58,85,126,174,264,353,503,569,561,500,414,364,374,395,410,371,301,249,210,195,191,229,292,412,608,870,1040,1252,1397,1529,1442,1357,1191,1034,830,661,581,545,491,394,305,223,157,106,68,52,51,75,162,284,477,708,987,1249,1469,1653,1787,1865,1822,1764,1675,1593,1539,1511,1469,96
8/4/2013 17:00,18,29,42,51,51,60,79,113,173,266,339,512,556,605,500,415,363,375,399,406,368,303,245,207,189,192,229,294,413,593,849,1016,1210,1396,1515,1483,1349,1198,1035,829,672,580,534,490,398,301,219,156,106,68,50,52,74,154,300,484,708,993,1249,1469,1664,1790,1845,1854,1774,1680,1592,1542,1496,1466,1407,96
8/4/2013 18:00,28,41,55,59,68,86,110,139,180,272,406,539,581,534,424,371,387,410,426,372,306,250,209,185,191,233,293,395,555,768,974,1174,1381,1578,1552,1452,1282,1108,888,738,640,589,519,417,313,222,159,110,69,52,52,76,152,289,492,700,964,1224,1443,1643,1793,1840,1819,1792,1675,1579,1521,1470,1424,1393,1341,96
8/4/2013 19:00,43,55,59,69,85,110,133,174,277,414,474,532,506,439,373,387,408,425,373,314,248,210,185,189,238,302,401,577,765,950,1166,1347,1519,1555,1446,1254,1111,903,735,650,589,520,411,314,228,155,106,69,52,49,76,156,282,482,713,993,1223,1450,1643,1786,1853,1818,1773,1714,1599,1537,1470,1416,1385,1362,1298,96
8/4/2013 20:00,65,69,80,90,109,135,170,255,399,452,488,431,391,351,374,396,415,367,311,247,206,182,185,245,325,443,606,828,1007,1211,1438,1554,1613,1518,1342,1165,945,760,670,611,537,430,330,251,181,133,96,77,82,113,216,367,556,823,1114,1353,1528,1711,1832,1886,1856,1795,1710,1667,1576,1513,1440,1402,1381,1374,1341,96
8/4/2013 21:00,75,80,93,113,137,170,263,386,482,484,442,374,348,381,396,413,368,311,249,207,181,185,234,331,454,626,819,1025,1204,1354,1572,1565,1523,1311,1166,941,783,673,615,543,429,330,246,189,132,96,75,80,109,206,365,571,803,1130,1373,1572,1711,1837,1878,1856,1814,1710,1639,1612,1518,1457,1399,1349,1358,1363,1422,96
8/4/2013 22:00,99,92,92,96,107,140,205,242,253,215,184,190,225,261,279,229,207,185,168,166,178,241,330,463,645,846,1042,1244,1468,1560,1649,1530,1360,1189,1040,910,821,746,659,543,422,333,266,227,193,179,184,239,395,636,934,1324,1659,1928,2040,2036,1978,1846,1684,1546,1506,1493,1444,1308,1108,938,794,667,632,710,918,96
8/4/2013 23:00,87,96,94,104,139,191,250,233,223,182,184,220,257,282,229,204,181,168,167,179,234,340,452,638,864,1077,1261,1476,1627,1610,1538,1362,1207,1017,911,828,753,656,550,424,334,266,223,197,179,183,232,397,633,950,1324,1687,1921,2054,2049,1964,1865,1684,1553,1506,1494,1451,1309,1118,933,788,668,603,720,897,1155,96
8/5/2013 0:00,89,99,106,122,166,218,221,182,168,159,182,211,238,236,169,145,127,125,134,197,284,421,559,765,1007,1293,1438,1574,1621,1533,1363,1203,1020,877,813,754,657,553,428,337,270,227,202,190,188,245,442,732,1157,1565,1910,2152,2221,2217,2104,1988,1837,1680,1633,1599,1571,1450,1267,1080,918,799,732,817,996,1190,1530,96
8/5/2013 1:00,89,97,115,153,202,208,180,156,159,179,205,224,212,193,164,130,126,140,190,283,401,568,734,1007,1235,1540,1594,1605,1513,1381,1222,1043,893,808,747,659,552,440,345,270,232,205,189,204,263,463,756,1141,1582,1943,2169,2218,2208,2136,1990,1833,1694,1640,1612,1594,1479,1317,1104,944,794,745,814,981,1189,1485,1830,96
8/5/2013 2:00,91,113,163,191,192,162,137,127,152,189,213,205,178,158,119,114,125,173,258,381,525,718,943,1181,1489,1632,1556,1466,1343,1188,1016,897,796,722,646,540,429,337,268,224,198,187,190,266,462,741,1141,1537,1943,2187,2213,2146,2079,2020,1796,1674,1632,1603,1567,1450,1303,1109,915,787,690,756,911,1086,1388,1684,1911,96
8/5/2013 3:00,96,146,187,178,156,131,129,147,183,208,198,164,135,124,114,124,172,262,381,532,699,964,1180,1422,1574,1620,1467,1320,1188,1012,891,813,733,635,536,425,343,266,231,201,187,194,255,467,738,1122,1534,1902,2202,2250,2166,2049,1997,1852,1657,1680,1610,1569,1430,1280,1112,916,787,715,777,911,1097,1376,1691,1935,2020,96
8/5/2013 4:00,103,167,174,138,112,109,137,170,196,196,159,124,99,100,118,165,247,362,517,683,928,1168,1392,1555,1573,1479,1318,1151,999,878,803,728,634,522,415,328,270,225,202,186,195,260,447,731,1109,1506,1896,2185,2243,2175,2032,1940,1782,1684,1572,1613,1525,1377,1194,1019,859,745,672,714,832,1004,1250,1535,1807,1894,2001,96
8/5/2013 5:00,171,183,157,116,119,137,172,193,185,161,128,105,92,112,164,247,363,522,686,935,1150,1405,1559,1571,1468,1328,1167,1002,879,805,741,642,535,414,326,266,228,200,190,204,260,452,735,1108,1496,1894,2163,2270,2178,2061,1959,1782,1674,1629,1543,1563,1392,1194,1004,859,745,672,716,850,1022,1239,1561,1814,1932,1978,2097,96
8/5/2013 6:00,193,161,116,116,137,169,190,181,148,132,106,97,107,154,235,358,518,708,994,1200,1408,1575,1562,1470,1306,1187,1035,908,829,756,684,580,466,358,289,245,238,237,254,348,557,851,1228,1578,1907,2194,2241,2198,2071,1966,1758,1623,1563,1503,1442,1344,1119,906,759,648,587,682,875,1101,1379,1605,1869,1959,2022,2068,2225,96
8/5/2013 7:00,150,115,110,133,165,187,174,147,124,105,105,113,150,222,358,518,711,993,1254,1433,1574,1585,1454,1311,1171,1018,918,825,765,683,593,471,368,286,250,237,237,260,342,570,851,1202,1560,1914,2139,2258,2185,2087,1956,1767,1615,1571,1482,1452,1295,1128,921,759,666,594,680,874,1096,1374,1677,1869,1977,2023,2086,2205,2365,96
8/5/2013 8:00,96,97,110,150,176,170,140,115,96,99,116,152,209,320,509,698,980,1266,1484,1581,1590,1470,1311,1179,1030,900,821,765,695,596,484,373,296,245,235,231,260,348,566,861,1217,1542,1924,2155,2221,2198,2068,1930,1758,1609,1552,1524,1431,1308,1112,941,778,671,616,693,885,1113,1359,1723,1962,2019,2101,2147,2290,2365,2427,96
8/5/2013 9:00,95,114,137,169,167,142,113,97,95,110,156,215,314,469,698,980,1247,1503,1637,1592,1474,1307,1172,1017,903,822,751,695,600,485,381,298,252,233,235,256,354,563,861,1217,1547,1872,2123,2201,2178,2077,1939,1724,1597,1546,1519,1460,1305,1120,923,790,680,618,711,893,1113,1392,1697,1955,2060,2094,2158,2280,2420,2416,2264,96
8/5/2013 10:00,139,148,165,162,146,119,94,87,90,118,177,253,410,595,860,1247,1485,1680,1706,1596,1435,1273,1105,968,873,795,715,622,510,419,342,307,305,302,339,434,647,925,1254,1529,1793,1995,2109,2152,2095,1939,1700,1486,1432,1396,1307,1137,890,732,654,664,676,666,702,783,1006,1274,1522,1676,1798,1844,2012,2173,2239,2136,2046,96
8/5/2013 11:00,139,148,165,162,146,119,94,87,90,118,177,253,410,595,860,1247,1485,1680,1706,1596,1435,1273,1105,968,873,795,715,622,510,419,342,307,305,302,339,434,647,925,1254,1529,1793,1995,2109,2152,2095,1939,1700,1486,1432,1396,1307,1137,890,732,654,664,676,666,702,783,1006,1274,1522,1676,1798,1844,2012,2173,2239,2136,2046,96
8/5/2013 12:00,171,156,139,120,98,87,90,116,166,252,414,617,908,1165,1504,1684,1732,1598,1447,1289,1124,967,870,799,712,595,493,417,337,311,321,321,350,425,628,907,1230,1518,1782,1990,2059,2069,2043,1921,1697,1519,1471,1395,1296,1149,928,752,655,667,692,775,848,956,1149,1342,1602,1797,1907,2029,2107,2220,2247,2102,1912,1734,1590,96
8/5/2013 13:00,198,158,128,102,86,92,118,166,242,395,585,836,1147,1385,1578,1728,1619,1416,1293,1121,980,865,795,714,602,502,422,347,316,317,336,358,463,644,948,1240,1535,1806,2033,2070,2067,1996,1901,1685,1499,1374,1320,1204,1024,853,698,602,618,658,729,831,943,1113,1327,1531,1749,1906,2010,2120,2189,2247,2115,1906,1713,1525,1422,96
8/5/2013 14:00,150,122,91,78,83,113,160,232,391,577,831,1106,1401,1569,1741,1624,1446,1265,1125,969,858,795,710,605,498,415,346,326,322,334,372,453,658,948,1242,1524,1806,2043,2139,2078,1998,1882,1684,1495,1395,1301,1220,1026,842,711,638,649,674,739,840,971,1149,1330,1552,1706,1889,2025,2101,2198,2233,2122,1950,1733,1559,1362,1225,96
8/5/2013 15:00,131,96,79,84,112,161,234,393,593,828,1103,1370,1606,1667,1640,1440,1286,1097,973,864,788,702,609,495,408,342,324,327,334,366,460,646,908,1242,1530,1805,2013,2113,2121,1993,1870,1684,1504,1393,1321,1194,1033,842,707,644,667,682,727,826,956,1158,1351,1549,1721,1854,2007,2113,2190,2223,2100,1949,1726,1558,1371,1196,1049,96
8/5/2013 16:00,66,60,63,94,147,229,394,600,872,1130,1391,1599,1689,1590,1444,1284,1107,937,852,792,703,607,506,405,339,315,328,339,368,458,640,908,1180,1525,1809,2022,2107,2153,2070,1912,1688,1518,1416,1342,1241,1071,859,719,661,702,720,813,848,1006,1173,1376,1546,1706,1863,1987,2104,2183,2235,2120,1950,1761,1580,1396,1220,1041,895,96
8/5/2013 17:00,70,70,99,153,233,409,638,909,1217,1428,1619,1686,1622,1476,1278,1112,969,838,785,709,595,501,414,336,312,321,339,368,458,636,893,1180,1460,1805,2021,2139,2116,2074,1948,1693,1504,1411,1339,1227,1054,872,710,659,705,749,825,913,958,1184,1362,1546,1704,1863,1979,2073,2192,2222,2139,1951,1761,1574,1388,1218,1050,854,694,96
8/5/2013 18:00,61,99,153,256,435,653,933,1187,1494,1666,1704,1650,1483,1303,1107,960,857,792,702,593,483,401,328,304,321,344,381,476,662,905,1191,1498,1790,2067,2157,2175,2104,1995,1780,1625,1496,1413,1276,1068,854,711,653,699,754,860,924,1029,1115,1370,1570,1714,1871,1976,2075,2155,2223,2135,1974,1755,1537,1384,1211,1051,861,677,551,96
8/5/2013 19:00,97,164,275,458,687,972,1290,1515,1723,1752,1690,1520,1309,1124,988,874,799,710,601,497,406,336,323,327,352,399,493,672,924,1167,1475,1792,2020,2181,2194,2155,2013,1787,1573,1510,1435,1268,1052,822,663,623,687,769,905,998,1040,1176,1250,1460,1631,1748,1963,2058,2159,2228,2192,2104,1973,1753,1508,1334,1185,1026,800,674,509,96
8/5/2013 20:00,160,272,466,685,962,1217,1501,1706,1756,1665,1516,1303,1104,970,868,798,717,599,489,402,327,318,330,343,382,490,661,902,1177,1466,1781,1990,2117,2176,2124,2003,1766,1568,1484,1425,1298,1038,810,652,602,667,742,872,984,1063,1146,1259,1444,1606,1781,1867,1982,2114,2183,2154,2078,1948,1760,1539,1306,1186,1032,852,643,493,387,96
8/5/2013 21:00,296,475,710,971,1223,1457,1704,1761,1671,1512,1315,1104,964,879,794,718,601,489,399,330,317,330,353,382,478,670,909,1168,1460,1760,2021,2107,2167,2145,1981,1766,1563,1473,1422,1293,1050,833,650,593,654,746,870,990,1084,1166,1278,1410,1612,1793,1929,1980,2076,2169,2154,2045,1955,1769,1561,1345,1151,1023,848,643,485,387,374,96
8/5/2013 22:00,371,572,889,1094,1346,1585,1705,1666,1542,1298,1094,931,860,822,750,604,479,387,314,302,318,354,410,508,700,976,1205,1492,1806,2047,2184,2172,2126,2044,1853,1702,1618,1567,1434,1182,883,700,614,637,700,806,893,1016,1159,1295,1504,1837,2189,2461,2370,2182,2002,1923,1863,1794,1737,1656,1548,1412,1211,1047,867,650,524,495,514,96
8/5/2013 23:00,601,893,1178,1350,1581,1679,1668,1538,1290,1076,941,859,815,765,604,489,387,314,296,314,345,405,511,694,973,1205,1501,1797,2037,2159,2179,2130,2004,1869,1690,1625,1559,1434,1194,885,687,610,637,686,727,891,1022,1175,1355,1544,1830,2173,2380,2380,2194,2014,1898,1856,1804,1722,1661,1558,1392,1243,1017,863,664,521,489,515,572,96
8/6/2013 0:00,942,1158,1426,1559,1642,1620,1489,1283,1066,899,842,791,746,662,481,385,301,290,300,335,388,504,684,946,1270,1557,1848,2048,2169,2172,2129,2021,1884,1754,1672,1581,1448,1208,915,712,639,653,665,672,712,879,1116,1406,1721,1962,2217,2380,2306,2102,1879,1811,1784,1787,1723,1741,1676,1485,1206,1047,859,714,598,559,601,663,767,96
8/6/2013 1:00,1163,1392,1628,1677,1647,1509,1297,1067,913,841,799,738,658,537,416,311,287,309,338,389,504,684,953,1219,1585,1854,2068,2163,2197,2140,2017,1864,1700,1708,1618,1485,1254,947,751,658,672,659,671,693,799,1089,1353,1731,2076,2265,2373,2284,2063,1870,1811,1783,1778,1711,1652,1613,1456,1230,988,857,701,597,554,568,638,745,846,96
8/6/2013 2:00,1334,1556,1652,1593,1463,1264,1044,890,833,789,730,645,541,426,309,299,307,342,395,508,705,965,1261,1583,1907,2102,2206,2224,2182,2042,1868,1701,1613,1626,1488,1250,960,765,665,676,705,680,717,813,1046,1343,1760,2172,2451,2508,2382,2133,1907,1837,1771,1754,1688,1622,1543,1412,1245,1021,820,674,596,552,559,619,745,844,955,96
8/6/2013 3:00,1649,1663,1634,1483,1279,1068,911,830,791,735,654,547,463,356,298,315,342,396,508,706,972,1256,1583,1886,2132,2213,2227,2180,2059,1857,1702,1611,1541,1477,1252,952,770,671,672,682,688,693,799,1024,1310,1685,2065,2487,2599,2406,2155,1917,1871,1800,1759,1686,1605,1540,1375,1211,1038,818,674,573,548,556,611,693,853,959,1102,96
8/6/2013 4:00,1558,1537,1446,1235,1032,872,798,754,713,642,527,431,339,302,309,350,402,524,726,1017,1291,1603,1914,2137,2261,2249,2199,2067,1883,1710,1639,1568,1441,1264,968,765,687,687,717,710,741,819,1058,1358,1700,2052,2391,2601,2446,2198,1974,1884,1790,1750,1650,1603,1511,1368,1185,1007,842,670,568,533,561,605,686,782,961,1103,1283,96
8/6/2013 5:00,1658,1479,1288,1055,896,815,763,714,642,543,437,334,296,316,351,409,524,726,985,1333,1615,1903,2137,2240,2274,2202,2068,1891,1706,1636,1573,1436,1206,962,761,679,687,723,745,738,841,1049,1358,1691,2045,2332,2521,2446,2159,1982,1893,1818,1741,1682,1611,1523,1359,1181,1011,837,696,587,526,555,629,698,789,895,1112,1268,1473,96
8/6/2013 6:00,1518,1266,1056,889,810,762,718,631,533,461,366,303,291,314,373,490,674,935,1215,1553,1799,2049,2164,2196,2142,2039,1836,1704,1645,1569,1461,1248,982,795,746,829,930,937,911,979,1210,1477,1783,2071,2272,2469,2397,2238,2079,2009,1902,1813,1656,1543,1472,1319,1150,1000,816,665,579,549,558,660,746,809,890,1035,1271,1425,1567,96
8/6/2013 7:00,1307,1070,907,814,771,722,636,532,458,359,330,306,336,387,495,682,947,1220,1528,1854,2045,2170,2195,2134,2042,1860,1701,1641,1598,1482,1248,984,782,745,822,942,941,912,953,1194,1494,1784,2082,2310,2437,2397,2207,2064,1991,1910,1807,1698,1582,1446,1324,1149,982,815,654,576,565,596,613,760,851,909,1035,1210,1448,1574,1702,96
8/6/2013 8:00,1053,903,798,751,710,621,512,435,344,296,298,318,374,484,690,951,1271,1552,1829,2095,2164,2195,2125,2007,1874,1726,1629,1592,1493,1262,981,773,723,799,916,914,873,950,1168,1438,1738,2026,2208,2365,2336,2206,2050,1933,1913,1814,1683,1589,1439,1265,1139,967,776,657,560,563,607,646,695,862,955,1058,1206,1391,1595,1737,1834,96
8/6/2013 9:00,866,788,736,688,604,495,406,327,287,285,311,366,489,653,965,1230,1583,1840,2062,2204,2178,2129,2012,1848,1728,1675,1564,1484,1268,996,770,724,773,914,885,856,902,1177,1429,1738,2021,2260,2375,2328,2199,2052,1922,1809,1816,1691,1589,1467,1290,1110,957,788,636,557,541,603,668,746,794,980,1061,1215,1391,1548,1697,1842,1835,96
8/6/2013 10:00,841,791,721,604,483,390,293,240,221,219,242,321,484,690,998,1289,1663,1945,2048,2102,2015,1904,1735,1580,1533,1471,1367,1230,984,810,839,973,1119,1271,1378,1521,1818,2166,2412,2481,2475,2405,2391,2383,2324,2255,2113,1965,1947,1776,1534,1347,1098,901,739,602,493,378,322,353,461,623,735,1018,1111,1317,1523,1750,1935,1929,1790,96
8/6/2013 11:00,735,685,590,458,373,282,231,213,213,238,316,482,695,973,1309,1609,1932,2071,2078,2029,1900,1727,1571,1501,1473,1401,1223,999,813,825,975,1136,1248,1380,1530,1851,2153,2405,2478,2448,2437,2438,2380,2345,2217,2132,1952,1824,1723,1563,1322,1106,901,739,599,486,386,310,312,457,660,821,908,1195,1308,1528,1745,1888,1926,1802,1639,96
8/6/2013 12:00,697,587,469,369,292,250,228,226,259,341,487,696,1001,1284,1648,1891,2068,2097,2008,1939,1737,1584,1498,1430,1382,1189,980,832,824,957,1106,1211,1283,1433,1748,2133,2380,2462,2431,2379,2408,2406,2372,2269,2109,2005,1806,1649,1506,1282,1066,877,706,564,455,349,272,262,386,648,877,1012,1101,1334,1556,1808,1959,1955,1856,1707,1527,96
8/6/2013 13:00,617,494,396,301,254,239,234,255,326,478,676,978,1334,1578,1900,2035,2091,2017,1894,1762,1578,1490,1417,1330,1171,974,827,840,966,1098,1212,1303,1456,1745,2146,2439,2470,2448,2416,2411,2431,2378,2281,2139,1983,1880,1666,1512,1320,1083,889,721,563,447,339,263,254,364,566,870,1047,1184,1278,1550,1819,1950,1937,1810,1689,1516,1365,96
8/6/2013 14:00,484,386,301,249,233,232,257,328,484,692,982,1297,1682,1942,2051,2070,2035,1912,1720,1601,1482,1413,1326,1144,966,820,834,966,1082,1159,1301,1422,1725,2111,2390,2494,2480,2404,2403,2363,2348,2284,2177,2044,1865,1728,1537,1297,1085,877,705,575,441,331,264,247,362,539,763,1036,1222,1278,1479,1700,1889,1883,1794,1651,1509,1359,1207,96
8/6/2013 15:00,394,298,252,235,225,249,318,475,686,986,1286,1622,1953,2051,2075,2013,1939,1733,1541,1518,1413,1325,1147,952,821,831,965,1115,1164,1235,1447,1725,2104,2372,2462,2474,2447,2415,2405,2335,2270,2174,2051,1907,1693,1546,1316,1052,890,698,567,468,332,260,245,357,549,731,916,1109,1397,1490,1704,1845,1848,1740,1637,1472,1348,1206,1010,96
8/6/2013 16:00,321,260,254,246,263,336,493,715,1027,1331,1626,1921,2091,2098,2017,1903,1752,1564,1444,1422,1318,1124,947,819,829,970,1101,1165,1222,1361,1714,2079,2347,2448,2446,2473,2474,2409,2371,2248,2168,2057,1919,1742,1545,1314,1084,845,720,547,455,349,245,227,337,525,742,884,1056,1263,1570,1676,1806,1806,1717,1589,1463,1317,1162,997,806,96
8/6/2013 17:00,278,247,250,266,342,493,713,1026,1334,1651,1905,2067,2088,2033,1907,1732,1578,1456,1360,1319,1120,935,813,829,957,1109,1209,1242,1374,1636,2080,2347,2420,2399,2424,2475,2443,2377,2316,2157,2053,1916,1757,1550,1315,1082,874,683,557,432,341,244,229,338,518,715,916,1060,1241,1478,1780,1825,1814,1704,1578,1453,1321,1147,973,787,619,96
8/6/2013 18:00,268,264,289,359,508,707,1016,1328,1646,1944,2088,2095,2006,1867,1735,1554,1500,1388,1277,1108,911,784,762,839,916,983,1044,1174,1435,1789,2128,2321,2375,2432,2501,2496,2463,2405,2281,2077,1951,1790,1589,1336,1054,881,700,548,435,318,246,227,327,520,714,887,1089,1262,1440,1700,1936,1849,1718,1587,1452,1310,1150,970,784,590,462,96
8/6/2013 19:00,274,281,340,490,694,980,1310,1644,1953,2095,2116,2009,1849,1693,1609,1471,1425,1307,1121,922,784,745,806,918,1031,1142,1269,1515,1800,2115,2264,2358,2397,2438,2421,2378,2312,2256,2127,1944,1808,1633,1358,1071,826,660,494,369,264,184,161,256,435,629,826,1009,1254,1437,1611,1760,1767,1632,1425,1221,1025,841,768,705,601,423,269,96
8/6/2013 20:00,296,344,487,676,963,1284,1630,1924,2077,2092,2004,1841,1680,1547,1511,1421,1316,1122,917,776,738,806,882,1009,1147,1301,1541,1818,2094,2253,2319,2357,2384,2381,2344,2302,2231,2119,2011,1803,1609,1374,1072,833,635,488,355,250,175,163,255,408,591,795,992,1227,1439,1611,1718,1739,1636,1464,1230,1037,841,759,703,601,415,248,146,96
8/6/2013 21:00,335,476,663,948,1280,1624,1928,2076,2105,2001,1844,1692,1546,1470,1435,1316,1124,917,774,738,812,899,990,1117,1304,1585,1883,2091,2245,2312,2360,2391,2363,2341,2284,2223,2107,2017,1848,1611,1358,1091,831,641,480,360,253,166,160,255,409,585,761,973,1202,1403,1615,1716,1705,1616,1465,1236,1041,842,759,717,601,420,246,144,110,96
8/6/2013 22:00,484,660,940,1252,1593,1895,2043,2076,2020,1848,1699,1565,1466,1352,1212,1024,846,724,681,712,736,687,661,735,1037,1411,1808,2129,2464,2673,2662,2523,2318,2173,2005,1848,1764,1648,1480,1211,946,735,525,359,248,166,118,106,154,234,380,651,1032,1385,1581,1673,1703,1590,1425,1257,1071,869,722,609,532,431,257,125,61,57,89,96
8/6/2013 23:00,687,963,1288,1604,1902,2052,2085,2023,1865,1697,1557,1465,1353,1224,1038,849,725,680,723,743,700,663,736,966,1392,1790,2146,2444,2670,2664,2512,2333,2120,2007,1835,1760,1650,1487,1205,943,720,535,362,247,163,115,104,148,235,378,656,1024,1369,1581,1674,1675,1585,1406,1249,1058,877,703,612,522,418,264,122,59,59,89,155,96
8/7/2013 0:00,995,1312,1636,1907,2043,2081,2003,1839,1684,1533,1436,1339,1214,1044,858,727,683,723,734,745,681,744,988,1330,1777,2144,2476,2650,2674,2516,2339,2112,1946,1838,1746,1669,1492,1251,943,721,526,362,250,163,117,107,148,232,378,654,1015,1359,1557,1674,1679,1563,1403,1236,1058,888,707,615,523,400,254,125,56,60,90,155,246,96
8/7/2013 1:00,1408,1694,1949,2056,2060,1993,1849,1665,1519,1410,1312,1174,1000,831,694,649,669,705,649,585,645,903,1269,1682,2102,2436,2647,2633,2499,2294,2097,1906,1732,1678,1591,1459,1229,953,716,513,357,237,157,109,105,136,200,330,615,979,1314,1512,1591,1610,1589,1559,1486,1267,1035,814,635,493,339,206,108,51,65,104,170,258,355,96
8/7/2013 2:00,1626,1903,2034,2046,1970,1840,1664,1505,1414,1304,1172,988,827,699,644,664,686,650,578,638,916,1278,1690,2081,2477,2635,2663,2506,2346,2114,1882,1708,1622,1569,1445,1236,943,714,507,351,241,153,110,100,131,197,321,609,983,1311,1488,1587,1629,1611,1544,1491,1269,1034,811,646,508,369,229,122,63,60,100,159,242,327,383,96
8/7/2013 3:00,1989,2078,2100,2014,1862,1689,1524,1439,1322,1179,995,831,694,639,657,697,642,602,639,910,1281,1692,2080,2456,2663,2634,2510,2332,2121,1893,1708,1623,1549,1412,1220,975,714,504,349,231,160,109,104,132,190,333,609,983,1333,1488,1586,1618,1610,1544,1451,1288,1023,802,632,503,380,236,127,62,60,98,160,238,325,361,438,96
8/7/2013 4:00,2036,2077,1990,1831,1661,1508,1414,1317,1169,983,821,694,630,629,686,646,584,684,917,1285,1722,2089,2456,2651,2642,2485,2339,2112,1883,1687,1598,1541,1416,1202,952,697,503,342,237,150,113,102,133,189,316,599,968,1308,1520,1611,1660,1648,1546,1466,1268,1056,818,648,506,399,252,141,80,65,93,158,237,326,379,448,512,96
8/7/2013 5:00,2168,2069,1885,1690,1518,1426,1322,1176,996,837,706,651,645,655,638,596,684,993,1286,1726,2106,2460,2657,2648,2484,2305,2115,1883,1677,1594,1536,1423,1207,942,710,499,339,236,156,105,104,136,197,315,596,966,1302,1518,1610,1660,1646,1552,1430,1263,1041,821,643,504,379,254,143,82,78,87,156,236,328,369,459,522,613,96
8/7/2013 6:00,2093,1899,1695,1527,1405,1310,1184,1003,843,722,673,668,672,621,600,670,971,1387,1731,2092,2447,2632,2642,2501,2268,2030,1827,1685,1575,1526,1428,1201,941,693,487,377,278,185,128,108,138,201,318,577,926,1246,1490,1633,1643,1538,1365,1204,1076,950,837,704,528,385,265,181,109,100,114,168,257,347,393,509,615,774,870,96
8/7/2013 7:00,1977,1764,1559,1444,1328,1221,1038,872,741,689,671,676,621,574,658,978,1395,1821,2092,2437,2633,2640,2479,2263,2043,1805,1671,1586,1522,1425,1221,928,687,526,351,277,187,128,110,135,202,321,590,924,1246,1480,1629,1666,1524,1365,1203,1086,961,835,699,543,377,264,169,113,95,119,161,260,348,378,510,637,754,879,985,96
8/7/2013 8:00,1753,1582,1436,1303,1184,1020,863,742,700,683,689,643,594,637,972,1389,1825,2132,2438,2628,2637,2476,2252,1988,1819,1655,1577,1537,1430,1224,949,678,529,371,264,187,131,116,142,208,335,607,942,1243,1472,1619,1650,1513,1338,1195,1076,958,847,685,506,372,245,156,98,96,115,179,267,373,399,506,645,782,863,959,1165,96
8/7/2013 9:00,1568,1432,1287,1160,1013,858,741,692,684,684,633,618,660,923,1378,1789,2148,2474,2633,2641,2473,2243,2006,1783,1660,1579,1540,1441,1224,947,699,522,393,273,183,131,119,144,205,334,599,958,1261,1473,1611,1648,1519,1337,1185,1085,953,823,700,512,368,246,151,98,93,113,171,264,370,407,503,638,788,911,1036,1221,1329,96
8/7/2013 10:00,1609,1444,1292,1079,887,721,631,592,597,614,664,823,1071,1435,1806,2061,2378,2561,2547,2401,2205,2091,2006,1945,1897,1793,1620,1419,1122,853,659,489,346,227,168,148,173,231,344,601,908,1213,1359,1423,1429,1352,1233,1105,1066,1013,922,792,680,531,397,278,185,139,149,174,219,242,260,360,495,700,905,1149,1371,1565,1810,96
8/7/2013 11:00,1438,1282,1072,878,717,622,599,592,606,663,801,1085,1442,1762,2133,2360,2545,2560,2404,2198,2066,2009,1944,1867,1800,1629,1390,1136,853,661,488,337,239,172,155,169,234,347,605,922,1204,1379,1429,1429,1362,1231,1127,1050,1019,945,812,681,537,390,290,186,141,142,180,218,236,259,345,510,699,928,1184,1392,1564,1732,1952,96
8/7/2013 12:00,1298,1081,881,724,628,592,600,606,653,797,1058,1427,1770,2033,2407,2526,2575,2425,2199,2059,1966,1948,1870,1783,1633,1403,1104,853,653,487,337,233,174,154,178,233,348,608,931,1205,1360,1452,1434,1360,1233,1128,1069,1012,949,821,684,540,396,290,195,140,150,182,220,235,254,352,490,741,943,1191,1390,1549,1742,1895,2042,96
8/7/2013 13:00,1177,976,751,643,601,602,610,646,768,1005,1328,1657,1983,2300,2542,2648,2505,2315,2108,2077,1990,1866,1724,1544,1386,1164,886,646,475,336,237,174,150,176,230,335,593,924,1223,1384,1445,1456,1369,1242,1127,1102,1093,1064,920,762,598,452,368,296,230,243,310,345,348,352,413,512,676,847,1081,1335,1489,1618,1740,1835,1950,96
8/7/2013 14:00,893,747,631,585,586,603,639,764,1003,1323,1651,2011,2350,2530,2669,2523,2336,2190,2030,2020,1879,1726,1578,1385,1178,891,665,475,344,241,178,153,170,228,356,594,926,1210,1367,1449,1439,1347,1238,1140,1101,1090,1052,926,768,594,461,381,295,234,250,316,327,348,364,407,498,651,837,1079,1336,1524,1654,1753,1842,1915,1969,96
8/7/2013 15:00,681,628,591,570,574,611,744,1002,1360,1691,2005,2382,2571,2579,2506,2321,2188,2091,1973,1873,1723,1551,1381,1155,899,646,476,340,242,178,153,170,225,333,622,920,1219,1375,1436,1431,1347,1220,1143,1108,1085,1051,924,775,602,466,379,292,236,245,324,338,317,358,416,496,633,794,1067,1336,1531,1678,1754,1830,1894,1937,1962,96
8/7/2013 16:00,660,637,621,607,647,778,1033,1423,1765,2054,2399,2626,2612,2454,2331,2200,2090,2024,1869,1698,1581,1397,1147,916,654,479,336,244,184,157,173,230,338,585,917,1198,1391,1424,1417,1317,1213,1126,1105,1073,1048,914,774,594,475,384,300,237,245,303,346,314,319,426,459,621,790,1050,1278,1559,1705,1810,1841,1892,1948,1965,1958,96
8/7/2013 17:00,641,647,658,679,797,1050,1402,1742,2047,2392,2590,2616,2471,2287,2194,2103,2023,1874,1725,1551,1391,1162,877,683,478,336,239,184,161,173,229,336,584,912,1202,1372,1455,1415,1329,1214,1125,1097,1075,1008,909,764,596,462,400,303,237,242,312,320,312,336,387,489,581,761,1055,1327,1487,1705,1801,1875,1898,1930,1948,1948,1913,96
8/7/2013 18:00,718,707,773,899,1188,1503,1815,2119,2407,2575,2576,2522,2354,2233,2165,2092,1913,1771,1615,1410,1166,924,680,501,347,256,196,179,200,265,380,621,916,1190,1369,1454,1500,1444,1361,1263,1210,1175,1087,987,910,831,644,441,264,193,170,192,235,261,299,379,536,699,771,994,1312,1506,1608,1762,1817,1844,1844,1863,1846,1824,1717,96
8/7/2013 19:00,751,795,974,1240,1548,1831,2155,2429,2594,2615,2537,2384,2230,2165,2093,1916,1770,1621,1414,1156,908,690,496,354,258,196,176,197,265,380,620,911,1189,1344,1457,1502,1429,1358,1283,1210,1175,1099,986,886,826,620,442,251,194,171,193,235,263,306,368,507,692,797,973,1222,1510,1665,1760,1811,1852,1846,1851,1841,1816,1720,1675,96
8/7/2013 20:00,838,998,1273,1557,1860,2145,2407,2558,2582,2545,2385,2275,2162,2078,1913,1754,1591,1416,1182,927,698,519,373,265,193,172,195,263,378,616,922,1194,1358,1457,1526,1481,1363,1272,1224,1180,1094,1013,929,798,629,423,254,179,166,185,245,243,287,376,527,709,846,1010,1195,1499,1669,1786,1825,1827,1850,1850,1843,1803,1720,1676,1610,96
8/7/2013 21:00,980,1287,1582,1826,2114,2392,2550,2578,2535,2397,2268,2167,2087,1968,1765,1609,1416,1186,948,697,507,377,274,196,175,192,263,397,616,920,1201,1365,1458,1499,1478,1375,1259,1212,1169,1082,997,928,791,618,420,247,170,151,186,219,276,280,366,536,701,856,1043,1253,1427,1668,1766,1835,1838,1839,1859,1834,1812,1730,1678,1614,1495,96
8/7/2013 22:00,904,1293,1621,1972,2370,2650,2728,2722,2619,2517,2414,2316,2201,2087,1872,1616,1319,1028,772,537,399,285,200,164,168,209,330,600,916,1236,1402,1465,1477,1471,1405,1341,1329,1320,1250,1114,991,831,586,371,206,135,107,115,122,155,221,427,765,1167,1411,1637,1842,1999,2078,2175,2120,2060,1961,1868,1758,1596,1451,1293,1206,1220,1271,96
8/7/2013 23:00,1255,1628,1995,2385,2657,2744,2727,2612,2515,2422,2335,2203,2103,1935,1635,1316,1026,774,552,383,281,201,166,170,210,315,600,975,1238,1387,1458,1482,1469,1399,1348,1327,1334,1253,1109,985,831,599,363,206,136,113,108,120,154,218,429,781,1082,1382,1622,1832,2000,2096,2129,2136,2052,1981,1869,1755,1630,1437,1291,1201,1219,1277,1355,96
8/8/2013 0:00,1577,1971,2319,2601,2667,2631,2548,2502,2436,2358,2263,2131,1952,1653,1255,951,713,528,389,269,188,158,168,205,321,584,974,1281,1358,1435,1477,1437,1375,1324,1329,1318,1250,1044,792,570,394,238,136,93,84,100,122,172,253,455,747,1028,1273,1588,1889,1996,2031,1999,1980,1937,1863,1798,1691,1572,1424,1277,1199,1202,1269,1346,1401,96
8/8/2013 1:00,1789,2268,2555,2657,2635,2563,2486,2432,2359,2243,2090,1836,1576,1251,948,718,503,367,271,186,157,165,206,328,590,921,1220,1425,1462,1510,1475,1387,1362,1355,1349,1253,1061,816,586,401,246,143,99,74,81,102,153,232,437,736,1047,1297,1542,1865,2004,2028,1998,1998,1938,1904,1829,1747,1611,1448,1301,1215,1221,1276,1354,1418,1478,96
8/8/2013 2:00,2291,2606,2646,2628,2583,2499,2430,2353,2245,2104,1847,1548,1228,980,720,510,346,263,189,157,164,208,325,595,917,1209,1354,1448,1490,1469,1380,1349,1367,1340,1242,1051,818,603,416,266,168,134,134,134,140,182,251,443,729,1019,1297,1613,1856,2033,2049,2013,1993,1920,1858,1810,1708,1593,1416,1269,1159,1166,1205,1281,1369,1450,1535,96
8/8/2013 3:00,2642,2716,2649,2572,2522,2438,2368,2267,2128,1882,1564,1218,934,714,528,366,243,185,157,167,208,325,584,930,1206,1347,1432,1518,1521,1400,1345,1359,1349,1249,1048,814,603,422,270,174,126,132,141,144,178,241,446,723,1027,1306,1611,1871,1993,2052,2014,1999,1925,1858,1799,1699,1583,1413,1259,1155,1142,1215,1281,1360,1453,1521,1635,96
8/8/2013 4:00,2719,2697,2607,2526,2475,2395,2305,2155,1906,1565,1199,906,647,492,370,261,185,153,164,208,325,578,907,1204,1328,1398,1443,1486,1440,1352,1339,1366,1230,1034,811,612,431,274,177,138,139,155,165,197,254,436,717,991,1335,1671,1993,2075,2053,2030,1979,1872,1823,1733,1637,1546,1354,1196,1071,1064,1094,1172,1278,1389,1490,1605,1736,96
8/8/2013 5:00,2771,2637,2567,2480,2417,2304,2180,1925,1575,1214,931,684,475,362,265,186,154,160,206,325,582,901,1187,1338,1407,1443,1475,1424,1414,1384,1362,1278,1044,819,610,430,275,175,143,143,150,166,199,252,437,727,1003,1307,1707,1983,2095,2067,2033,1975,1884,1829,1754,1645,1525,1367,1197,1074,1055,1104,1165,1268,1389,1484,1613,1740,1871,96
8/8/2013 6:00,2668,2579,2518,2428,2334,2146,1859,1528,1192,956,702,524,355,260,180,152,157,190,296,570,921,1214,1364,1425,1416,1375,1310,1301,1295,1268,1200,1060,913,735,618,567,563,476,433,409,349,297,290,453,765,1124,1425,1722,2035,2152,2221,2155,2089,2021,1904,1833,1747,1612,1437,1277,1121,1067,1074,1155,1305,1523,1776,1844,2057,2157,2225,96
8/8/2013 7:00,2586,2540,2444,2365,2147,1860,1527,1195,955,719,507,358,248,191,149,156,175,295,593,934,1228,1364,1422,1430,1376,1318,1285,1285,1270,1212,1052,869,755,625,565,542,510,440,396,339,310,303,464,752,1096,1438,1749,2024,2185,2201,2213,2093,2023,1910,1834,1744,1634,1444,1259,1111,1062,1077,1155,1324,1498,1718,1904,2034,2161,2260,2315,96
8/8/2013 8:00,2692,2583,2445,2194,1893,1560,1225,985,749,537,391,276,186,171,156,194,280,641,967,1257,1385,1435,1434,1389,1321,1271,1277,1276,1229,1073,860,696,619,545,515,460,456,405,332,320,330,491,765,1089,1388,1750,2044,2190,2212,2155,2106,1996,1901,1825,1768,1637,1455,1268,1130,1084,1093,1182,1350,1551,1712,1865,2037,2151,2263,2306,2297,96
8/8/2013 9:00,2688,2511,2285,1928,1610,1286,1012,766,546,382,269,195,155,178,194,300,634,1026,1278,1389,1435,1436,1394,1330,1308,1291,1276,1231,1084,893,706,589,544,510,455,422,427,348,323,327,500,766,1105,1373,1718,2045,2176,2200,2178,2085,1998,1898,1828,1744,1660,1455,1278,1138,1087,1093,1172,1352,1551,1753,1863,2002,2132,2244,2303,2336,2356,96
8/8/2013 10:00,2429,2176,1905,1575,1308,1045,801,582,415,288,205,182,179,244,341,544,919,1236,1323,1414,1447,1397,1304,1222,1190,1164,1075,934,797,684,620,655,633,572,450,366,352,363,434,768,1334,1856,2155,2262,2378,2450,2465,2448,2348,2267,2140,2085,2044,1947,1773,1528,1319,1192,1154,1216,1385,1638,1916,2019,2127,2200,2134,2078,2101,2099,2168,96
8/8/2013 11:00,2429,2176,1905,1575,1308,1045,801,582,415,288,205,182,179,244,341,544,919,1236,1323,1414,1447,1397,1304,1222,1190,1164,1075,934,797,684,620,655,633,572,450,366,352,363,434,768,1334,1856,2155,2262,2378,2450,2465,2448,2348,2267,2140,2085,2044,1947,1773,1528,1319,1192,1154,1216,1385,1638,1916,2019,2127,2200,2134,2078,2101,2099,2168,96
8/8/2013 12:00,1785,1565,1273,967,714,496,331,226,167,152,168,222,319,515,804,1109,1273,1402,1435,1410,1325,1231,1164,1067,997,872,725,593,527,475,408,329,275,213,220,298,406,735,1244,1779,2114,2238,2370,2407,2400,2350,2264,2173,2073,2063,1985,1875,1697,1502,1294,1189,1160,1257,1492,1772,2004,2113,2146,2076,2056,2053,2098,2063,2102,2097,2105,96
8/8/2013 13:00,1480,1244,957,690,426,296,210,152,129,137,174,254,452,768,1071,1251,1345,1383,1390,1308,1231,1159,1083,998,882,748,610,519,478,426,342,258,219,205,273,407,739,1254,1787,2133,2291,2399,2419,2427,2393,2334,2261,2156,2101,2032,1885,1698,1480,1288,1186,1162,1250,1489,1808,2056,2148,2186,2155,2124,2075,2066,2129,2091,2106,2050,2007,96
8/8/2013 14:00,1223,989,692,451,285,198,138,121,127,163,244,462,754,1036,1251,1346,1373,1344,1315,1238,1170,1072,981,855,744,608,524,467,405,329,234,174,180,243,369,716,1244,1783,2081,2218,2306,2374,2416,2412,2364,2277,2209,2122,2045,1897,1726,1482,1277,1191,1172,1248,1495,1798,2033,2126,2126,2096,2065,2032,1976,1975,2047,2034,2023,1921,1824,96
8/8/2013 15:00,1020,768,492,329,218,162,134,138,173,251,457,777,1032,1208,1370,1400,1346,1280,1241,1191,1094,978,857,741,627,520,466,405,319,241,172,180,253,372,766,1254,1789,2141,2223,2320,2354,2429,2429,2368,2275,2189,2139,2059,1920,1708,1513,1295,1179,1174,1248,1487,1791,2003,2109,2126,2087,2065,2048,2022,1980,1976,2049,2014,1945,1777,1680,96
8/8/2013 16:00,631,451,292,191,134,113,121,165,253,453,777,1069,1210,1319,1386,1355,1283,1245,1163,1084,940,819,718,607,528,485,402,314,241,174,168,234,365,706,1312,1820,2086,2222,2242,2331,2414,2454,2416,2324,2219,2144,2057,1892,1716,1487,1316,1198,1168,1246,1492,1801,2024,2042,2000,1922,1905,1922,1958,1935,1896,1895,1923,1815,1741,1584,1389,96
8/8/2013 17:00,413,290,205,143,124,135,173,262,450,745,1034,1210,1317,1359,1369,1304,1239,1165,1020,942,800,699,610,534,482,423,327,225,172,168,235,345,733,1260,1843,2106,2221,2299,2311,2399,2447,2404,2336,2230,2143,2047,1904,1713,1503,1302,1212,1180,1247,1484,1788,2026,2043,1997,1914,1905,1929,1943,1947,1916,1878,1845,1805,1695,1548,1323,1130,96
8/8/2013 18:00,284,202,133,105,109,138,191,390,717,994,1169,1287,1351,1335,1277,1215,1151,1034,877,774,634,520,429,372,274,204,163,137,153,234,367,731,1313,1828,2137,2256,2323,2370,2455,2476,2480,2383,2311,2203,2072,1927,1752,1542,1308,1164,1117,1162,1365,1633,1877,1940,1895,1841,1803,1789,1810,1779,1785,1756,1725,1663,1611,1469,1297,1058,847,96
8/8/2013 19:00,211,151,115,115,137,193,399,714,984,1173,1301,1365,1335,1267,1223,1153,1051,915,751,648,522,428,349,300,206,148,141,150,243,360,733,1279,1841,2102,2234,2329,2366,2468,2521,2463,2418,2297,2200,2066,1928,1716,1507,1321,1164,1130,1159,1347,1644,1872,1913,1896,1829,1805,1788,1804,1797,1773,1773,1723,1670,1576,1458,1271,1052,836,670,96
8/8/2013 20:00,163,136,134,154,199,390,719,1008,1187,1304,1364,1328,1260,1194,1160,1054,923,778,645,547,441,352,271,226,153,130,154,229,361,726,1287,1835,2111,2209,2269,2386,2413,2517,2494,2404,2313,2215,2097,1925,1736,1490,1298,1204,1155,1211,1361,1623,1886,1951,1953,1937,1911,1889,1898,1849,1800,1760,1728,1679,1587,1446,1274,1052,822,666,542,96
8/8/2013 21:00,97,119,149,187,378,709,998,1177,1299,1356,1343,1259,1178,1121,1049,926,775,661,532,453,352,279,202,168,136,148,229,350,729,1271,1837,2113,2214,2280,2356,2459,2493,2496,2429,2324,2215,2091,1955,1729,1501,1288,1165,1158,1212,1370,1623,1872,1959,1954,1920,1921,1886,1894,1846,1810,1760,1714,1684,1594,1442,1247,1041,803,672,531,461,96
8/8/2013 22:00,76,125,216,413,739,1021,1191,1299,1375,1340,1248,1132,1099,1077,988,867,725,573,417,267,171,120,95,123,155,225,321,547,827,1195,1498,1711,1860,1937,1999,1996,1982,1972,1881,1791,1658,1536,1392,1245,1180,1177,1232,1281,1241,1173,1220,1317,1502,1687,1879,2066,2165,2115,1991,1859,1785,1786,1785,1677,1534,1394,1219,1085,995,905,830,96
8/8/2013 23:00,116,217,428,739,1021,1190,1300,1374,1342,1244,1140,1086,1075,995,864,728,565,412,270,173,123,101,120,152,227,328,546,836,1205,1478,1700,1893,1950,1979,1997,1991,1969,1886,1779,1664,1542,1392,1260,1178,1182,1236,1256,1184,1210,1222,1309,1488,1676,1879,2048,2149,2115,1984,1802,1819,1774,1784,1688,1544,1387,1205,1088,953,901,833,802,96
8/9/2013 0:00,287,548,836,1093,1257,1380,1414,1371,1280,1195,1169,1093,1013,845,675,513,346,226,148,123,134,127,142,180,232,377,670,1017,1362,1610,1797,1940,2030,2089,2122,2068,1974,1825,1716,1601,1467,1361,1298,1348,1443,1451,1320,1167,1211,1352,1585,1908,2059,2190,2272,2227,2079,1961,1914,1964,1914,1794,1645,1473,1300,1128,993,926,893,880,962,96
8/9/2013 1:00,521,827,1105,1260,1356,1402,1345,1258,1188,1143,1095,971,829,701,551,331,212,140,118,117,137,138,201,235,353,630,1025,1336,1592,1756,1897,1984,2063,2054,2015,1911,1813,1692,1592,1449,1352,1288,1340,1430,1450,1289,1134,1108,1305,1527,1842,2011,2145,2210,2216,2040,1951,1903,1891,1933,1772,1624,1433,1276,1119,966,878,848,869,989,1114,96
8/9/2013 2:00,811,1095,1255,1386,1411,1381,1291,1212,1159,1098,975,826,696,557,340,231,153,129,123,128,140,185,265,361,622,1016,1367,1632,1839,1929,1978,2028,2035,1987,1891,1785,1657,1575,1464,1342,1279,1313,1404,1425,1313,1162,1172,1311,1613,1852,2027,2131,2201,2177,2096,1946,1899,1867,1827,1767,1608,1419,1246,1078,966,871,836,844,981,1130,1250,96
8/9/2013 3:00,1082,1281,1386,1429,1373,1293,1206,1157,1094,972,810,681,517,380,228,153,133,123,128,137,183,241,403,629,1029,1375,1658,1821,1938,1953,2021,2024,1990,1898,1789,1677,1561,1470,1394,1289,1308,1408,1454,1314,1193,1164,1322,1552,1857,2009,2134,2186,2168,2079,1997,1901,1896,1826,1728,1608,1399,1245,1092,935,879,842,832,938,1125,1276,1345,96
8/9/2013 4:00,1259,1432,1475,1408,1309,1219,1177,1088,934,785,664,543,383,246,151,136,132,131,139,180,240,359,607,996,1394,1697,1874,1941,1973,1970,1981,1934,1831,1744,1667,1573,1450,1380,1330,1325,1369,1401,1321,1203,1213,1326,1576,1772,2006,2125,2147,2113,1992,1896,1856,1787,1758,1645,1556,1400,1237,1059,914,852,835,834,913,1035,1236,1326,1411,96
8/9/2013 5:00,1397,1465,1384,1298,1202,1150,1069,932,774,653,527,416,242,155,124,134,134,140,184,238,354,609,993,1372,1712,1894,1965,1964,1975,1958,1933,1841,1731,1651,1562,1457,1380,1335,1364,1407,1409,1320,1221,1212,1355,1563,1780,1922,2126,2173,2114,1987,1862,1858,1822,1750,1668,1533,1414,1218,1076,915,850,821,833,926,1025,1148,1328,1413,1483,96
8/9/2013 6:00,1384,1329,1233,1114,1043,974,893,796,677,548,390,240,123,78,69,90,131,196,245,347,572,918,1270,1583,1864,1955,1963,1967,1946,1940,1928,1890,1816,1728,1636,1555,1522,1515,1482,1478,1447,1414,1430,1440,1582,1734,1946,2135,2243,2202,2015,1870,1764,1823,1834,1722,1613,1502,1348,1226,1152,1037,958,928,1030,1153,1232,1358,1525,1558,1575,96
8/9/2013 7:00,1305,1220,1119,1030,974,894,799,689,569,418,247,152,93,80,91,135,197,244,356,573,929,1266,1541,1822,1986,2006,1975,1965,1940,1932,1869,1790,1706,1618,1577,1478,1488,1529,1475,1450,1415,1446,1485,1574,1732,1942,2137,2226,2172,2050,1872,1813,1763,1789,1700,1608,1499,1345,1175,1048,1040,969,902,1032,1149,1263,1334,1438,1570,1570,1571,96
8/9/2013 8:00,1197,1104,1036,994,903,794,669,535,376,234,141,98,92,105,138,207,257,364,592,944,1266,1525,1746,1933,2019,2045,2041,1974,1946,1878,1792,1718,1604,1597,1534,1515,1518,1534,1460,1404,1428,1379,1446,1535,1758,2082,2294,2276,2109,1986,1863,1802,1775,1720,1599,1499,1351,1232,1052,985,988,963,1018,1172,1293,1365,1448,1453,1554,1594,1601,96
8/9/2013 9:00,1077,1015,985,896,795,674,543,372,214,122,80,83,101,130,202,253,369,600,950,1283,1534,1754,1877,2019,2050,2052,1991,1945,1872,1793,1691,1609,1555,1542,1504,1533,1507,1473,1423,1385,1414,1437,1600,1760,2032,2269,2278,2108,1929,1898,1827,1785,1687,1580,1493,1354,1220,1111,982,931,967,1022,1118,1270,1309,1384,1505,1478,1544,1596,1535,96
8/9/2013 10:00,860,893,889,827,745,642,484,304,192,124,96,109,146,206,276,400,591,902,1145,1341,1510,1648,1800,1923,1972,2000,2048,2100,2097,2042,1892,1789,1650,1561,1484,1481,1649,1874,1984,1875,1755,1703,1928,2228,2430,2453,2285,2066,2003,2030,1958,1802,1623,1457,1310,1187,1034,862,655,592,783,1089,1379,1611,1698,1737,1801,1840,1867,1892,1847,96
8/9/2013 11:00,885,890,837,756,639,477,315,193,123,97,111,150,216,278,400,585,909,1155,1321,1539,1652,1793,1916,1959,1999,2074,2107,2113,2042,1893,1747,1625,1521,1464,1460,1653,1853,1998,1881,1717,1706,1930,2262,2455,2387,2265,2090,2001,1995,1991,1805,1625,1464,1287,1158,1030,861,683,614,785,1081,1386,1550,1693,1761,1776,1824,1832,1845,1852,1767,96
8/9/2013 12:00,No Data,No Data,No Data,No Data,No Data,No Data,No Data,No Data,No Data,No Data,No Data,No Data,No Data,No Data,No Data,No Data,No Data,No Data,No Data,No Data,No Data,No Data,No Data,No Data,No Data,No Data,No Data,No Data,No Data,No Data,No Data,No Data,No Data,No Data,No Data,No Data,No Data,No Data,No Data,No Data,No Data,No Data,No Data,No Data,No Data,No Data,No Data,No Data,No Data,No Data,No Data,No Data,No Data,No Data,No Data,No Data,No Data,No Data,No Data,No Data,No Data,No Data,No Data,No Data,No Data,No Data,No Data,No Data,No Data,No Data,No Data,96
8/9/2013 13:00,No Data,No Data,No Data,No Data,No Data,No Data,No Data,No Data,No Data,No Data,No Data,No Data,No Data,No Data,No Data,No Data,No Data,No Data,No Data,No Data,No Data,No Data,No Data,No Data,No Data,No Data,No Data,No Data,No Data,No Data,No Data,No Data,No Data,No Data,No Data,No Data,No Data,No Data,No Data,No Data,No Data,No Data,No Data,No Data,No Data,No Data,No Data,No Data,No Data,No Data,No Data,No Data,No Data,No Data,No Data,No Data,No Data,No Data,No Data,No Data,No Data,No Data,No Data,No Data,No Data,No Data,No Data,No Data,No Data,No Data,No Data,96
8/9/2013 14:00,789,677,508,344,225,144,111,116,161,242,311,432,565,785,1135,1419,1624,1768,1884,1939,1946,2007,2022,2078,2125,2110,1924,1717,1530,1424,1400,1458,1704,1977,2179,2104,1915,1832,1982,2225,2521,2406,2243,2074,2018,2034,1999,1849,1630,1451,1290,1112,945,779,608,618,805,1101,1352,1549,1683,1776,1786,1809,1821,1774,1746,1659,1598,1562,1487,96
8/9/2013 15:00,611,470,325,215,136,96,105,152,227,298,428,578,822,1098,1373,1619,1816,1867,1938,1962,2008,2042,2062,2126,2124,1953,1755,1560,1424,1385,1442,1674,1944,2100,2063,1920,1823,2053,2300,2412,2373,2240,2091,1995,1991,1981,1858,1659,1454,1280,1155,936,780,613,597,768,1097,1362,1534,1649,1741,1802,1829,1804,1800,1701,1653,1582,1552,1451,1317,96
8/9/2013 16:00,411,288,208,129,93,105,147,238,294,430,600,906,1220,1420,1605,1793,1886,1888,1933,2013,2077,2102,2109,2098,1937,1747,1581,1435,1373,1430,1647,1942,2147,2090,2018,1954,2090,2277,2490,2327,2203,2102,2042,1975,1972,1836,1669,1491,1318,1123,953,768,614,589,769,1055,1396,1548,1627,1704,1788,1904,1874,1810,1744,1644,1586,1549,1468,1286,1072,96
8/9/2013 17:00,251,184,137,98,109,151,231,291,413,584,878,1209,1430,1576,1733,1863,1905,1936,1998,2085,2115,2125,2066,1939,1753,1585,1465,1397,1430,1647,1876,2084,2055,1947,1941,2058,2284,2460,2380,2191,2089,2050,2017,1928,1835,1670,1496,1322,1142,954,798,603,596,748,1063,1359,1538,1642,1693,1776,1842,1925,1834,1728,1653,1571,1535,1447,1248,1027,805,96
8/9/2013 18:00,233,161,102,81,107,182,285,440,669,986,1253,1438,1559,1600,1686,1756,1811,1883,1933,1971,1967,1928,1863,1789,1708,1648,1559,1464,1573,1880,2138,2193,2122,2048,2237,2411,2563,2499,2322,2131,2067,2034,1971,1782,1611,1436,1247,1076,906,714,564,564,732,1026,1324,1522,1634,1694,1786,1870,1921,1893,1774,1666,1580,1514,1430,1241,990,773,567,96
8/9/2013 19:00,119,70,64,91,161,278,439,705,1009,1315,1467,1570,1651,1717,1746,1812,1868,1946,1947,1958,1923,1866,1791,1708,1632,1595,1475,1573,1880,2138,2182,2124,2020,2220,2479,2585,2499,2336,2230,2062,2085,1975,1800,1585,1433,1223,1068,915,698,568,563,725,1029,1316,1511,1627,1733,1777,1864,1891,1887,1806,1689,1580,1508,1409,1239,994,757,561,398,96
8/9/2013 20:00,101,76,106,179,290,451,698,1032,1343,1556,1720,1815,1832,1826,1791,1828,1891,1931,1913,1905,1847,1777,1698,1585,1559,1478,1536,1846,2084,2129,2056,2005,2182,2454,2612,2514,2327,2156,2156,2031,2039,1840,1628,1423,1257,1040,899,727,579,587,745,1042,1347,1561,1687,1770,1848,1906,1851,1818,1780,1694,1590,1538,1395,1220,976,734,528,377,267,96
8/9/2013 21:00,78,99,181,284,440,675,991,1251,1496,1667,1754,1780,1748,1773,1829,1883,1932,1946,1878,1847,1784,1676,1570,1523,1453,1563,1858,2123,2129,2056,1987,2190,2452,2615,2571,2343,2139,2158,2118,2042,1865,1645,1430,1232,1082,864,717,585,575,765,1043,1332,1537,1691,1775,1834,1880,1902,1829,1744,1673,1598,1489,1393,1190,972,731,531,379,270,229,96
8/9/2013 22:00,56,133,250,416,543,777,1151,1520,1831,1962,1999,1985,1960,1900,1851,1665,1653,1599,1492,1452,1358,1223,1120,1061,1168,1461,1773,1876,1897,1937,2118,2358,2462,2408,2228,1986,1897,1975,1946,1765,1541,1285,1026,792,645,476,452,480,658,918,1130,1391,1636,1820,1873,1820,1725,1577,1369,1256,1229,1267,1267,1122,902,672,467,310,233,188,193,96
8/9/2013 23:00,137,254,378,557,794,1149,1519,1836,1966,1988,1986,1930,1900,1803,1688,1636,1593,1535,1431,1358,1251,1142,1060,1159,1464,1774,1892,1907,1936,2125,2334,2457,2406,2208,1987,1918,1890,1912,1739,1532,1309,1050,801,604,523,426,466,647,923,1181,1372,1637,1804,1865,1837,1724,1566,1374,1251,1244,1277,1257,1130,902,675,473,309,220,212,206,238,96
8/10/2013 0:00,266,411,552,865,1223,1567,1888,2012,2010,1968,1932,1856,1802,1720,1693,1614,1512,1375,1205,1022,896,836,1056,1371,1704,1882,1959,2023,2180,2359,2406,2364,2224,2068,1920,1903,1875,1722,1483,1269,1061,823,619,506,458,482,654,932,1229,1423,1642,1807,1866,1833,1715,1540,1363,1260,1246,1300,1354,1217,945,715,498,331,237,223,257,275,371,96
8/10/2013 1:00,412,604,892,1234,1600,1904,2008,2020,2022,1973,1897,1805,1767,1724,1644,1487,1375,1204,1025,887,822,1013,1355,1689,1862,1980,2045,2190,2360,2403,2346,2189,2052,1986,1886,1835,1674,1457,1220,983,848,631,496,441,477,648,884,1205,1425,1664,1793,1851,1796,1689,1506,1325,1225,1211,1259,1263,1150,956,702,488,329,240,219,240,296,368,497,96
8/10/2013 2:00,559,876,1231,1618,1924,2012,2016,2014,1988,1904,1825,1776,1718,1640,1487,1352,1248,1025,897,815,1022,1366,1632,1849,1945,2025,2155,2249,2279,2245,2168,2089,2036,1990,1887,1652,1466,1230,986,762,640,514,455,482,648,865,1100,1346,1642,1791,1821,1793,1695,1543,1366,1273,1246,1278,1268,1153,961,754,538,383,291,273,298,356,475,585,803,96
8/10/2013 3:00,832,1267,1647,1925,2046,2016,2008,1987,1915,1800,1752,1705,1607,1478,1346,1231,1053,901,810,996,1371,1660,1841,1949,2017,2167,2269,2285,2252,2175,2075,2031,1991,1915,1672,1441,1245,998,798,591,531,459,486,632,905,1112,1347,1617,1784,1820,1777,1685,1543,1369,1269,1248,1277,1264,1146,950,779,548,380,296,290,297,379,463,603,759,1071,96
8/10/2013 4:00,1187,1628,1933,1986,1910,1876,1875,1866,1788,1705,1652,1559,1427,1279,1222,1061,922,853,1004,1331,1670,1794,1900,1973,2075,2225,2248,2217,2166,2094,2044,1978,1883,1682,1458,1247,1021,794,652,513,482,492,645,873,1145,1324,1628,1808,1858,1800,1711,1586,1439,1344,1309,1314,1279,1165,966,770,602,409,299,287,325,374,507,626,807,1069,1352,96
8/10/2013 5:00,1702,2016,2109,2033,1991,1972,1928,1870,1782,1690,1589,1448,1281,1146,1047,930,850,1032,1339,1652,1831,1887,1953,2086,2215,2247,2217,2163,2106,2040,1971,1864,1680,1465,1221,1000,816,632,520,450,513,654,896,1121,1406,1611,1818,1858,1815,1730,1593,1442,1345,1316,1353,1279,1160,977,771,569,408,315,279,310,392,486,649,787,1084,1301,1568,96
8/10/2013 6:00,2095,2160,2130,2034,1937,1853,1739,1671,1595,1468,1287,1057,839,696,631,653,863,1193,1515,1716,1841,1906,2021,2149,2278,2253,2205,2139,2109,2112,2008,1843,1639,1431,1186,1005,928,748,691,698,813,1034,1257,1443,1709,1830,1923,1879,1789,1631,1479,1366,1297,1324,1293,1122,933,744,537,377,291,277,295,338,488,607,776,967,1281,1498,1667,96
8/10/2013 7:00,2409,2304,2135,2000,1858,1765,1690,1584,1493,1285,1066,857,702,630,665,867,1220,1516,1731,1846,1923,2040,2153,2271,2294,2197,2146,2113,2077,2057,1856,1642,1421,1227,1028,900,800,701,744,818,1036,1257,1490,1717,1893,1921,1879,1802,1654,1458,1364,1327,1302,1284,1142,932,742,548,377,292,272,291,342,462,628,755,984,1183,1498,1614,1760,96
8/10/2013 8:00,2266,2152,1950,1820,1704,1649,1584,1449,1292,1057,848,705,635,659,875,1218,1602,1725,1852,1924,2042,2185,2293,2303,2225,2106,2092,2068,2018,1896,1712,1439,1216,1065,932,782,712,708,870,1056,1288,1511,1752,1891,1930,1810,1725,1587,1409,1283,1294,1322,1276,1121,922,715,515,340,239,225,246,292,389,517,653,824,1065,1306,1527,1681,1754,96
8/10/2013 9:00,2203,2053,1816,1684,1624,1559,1450,1270,1050,835,685,602,623,795,1195,1597,1805,1826,1930,2045,2183,2319,2295,2161,2086,2081,2066,2024,1913,1687,1432,1243,1062,932,829,696,715,831,1112,1290,1519,1744,1901,1935,1866,1724,1582,1414,1295,1256,1321,1287,1143,922,725,508,329,244,218,247,296,405,539,704,831,1029,1296,1472,1654,1750,1787,96
8/10/2013 10:00,1630,1613,1497,1431,1368,1300,1242,1158,1040,882,775,767,894,1118,1467,1976,2213,2378,2458,2536,2577,2588,2536,2491,2480,2496,2436,2225,2005,1726,1554,1457,1331,1190,1071,1031,1171,1421,1661,1869,1990,2019,1965,1797,1618,1394,1192,1089,1049,1062,1049,914,741,560,394,253,165,123,94,116,203,381,582,776,895,1076,1276,1442,1581,1602,1535,96
8/10/2013 11:00,1626,1550,1439,1368,1305,1239,1175,1035,894,772,766,890,1122,1411,1939,2214,2397,2482,2533,2596,2594,2586,2509,2473,2457,2430,2228,1940,1750,1590,1454,1354,1203,1013,1064,1174,1440,1668,1822,1974,2011,1973,1814,1593,1395,1202,1092,1050,1058,1011,914,741,556,394,253,159,114,94,113,204,371,585,788,1000,1093,1227,1443,1527,1529,1531,1452,96
8/10/2013 12:00,1515,1471,1384,1334,1283,1197,1115,1003,974,978,1079,1272,1541,1809,2231,2427,2490,2580,2608,2630,2601,2588,2485,2464,2394,2205,1928,1694,1592,1494,1351,1207,1045,1004,1166,1422,1695,1804,1932,1984,1913,1774,1561,1360,1159,1066,1039,1047,1003,884,743,553,387,249,160,109,87,109,193,359,521,743,979,1184,1223,1360,1462,1444,1375,1342,1260,96
8/10/2013 13:00,1460,1401,1337,1299,1225,1123,1040,966,998,1097,1280,1526,1834,2146,2390,2538,2588,2624,2637,2653,2581,2601,2497,2416,2199,1940,1702,1549,1474,1379,1210,1071,1017,1178,1457,1732,1890,1939,1964,1928,1770,1587,1359,1166,1059,1033,1045,998,883,717,547,381,246,154,106,83,101,178,329,512,778,1029,1264,1392,1367,1441,1468,1380,1301,1292,1194,96
8/10/2013 14:00,1363,1312,1244,1172,1091,968,950,927,1087,1273,1519,1836,2170,2375,2522,2602,2632,2648,2655,2604,2580,2544,2428,2216,1921,1667,1535,1442,1349,1232,1094,1032,1183,1464,1747,1883,1981,1953,1868,1768,1573,1394,1187,1084,1053,1051,1003,885,722,540,380,244,150,113,83,112,182,340,517,745,1084,1322,1448,1466,1374,1384,1378,1320,1249,1236,1107,96
8/10/2013 15:00,1227,1209,1130,1059,965,876,935,1078,1335,1529,1869,2152,2350,2478,2557,2625,2648,2651,2617,2607,2557,2457,2201,1920,1705,1506,1438,1326,1204,1081,1034,1186,1467,1750,1918,1968,1992,1877,1724,1572,1393,1222,1087,1053,1051,999,888,727,548,378,246,151,101,91,102,193,354,531,725,995,1311,1437,1406,1485,1369,1362,1308,1236,1159,1087,919,96
8/10/2013 16:00,1142,1095,1034,921,842,838,993,1241,1554,1866,2204,2399,2509,2582,2603,2634,2654,2579,2622,2588,2482,2247,1912,1667,1521,1401,1316,1185,1061,1030,1181,1447,1723,1892,2004,1963,1876,1702,1533,1370,1233,1130,1057,1044,985,879,734,558,381,245,152,104,79,112,194,359,555,757,984,1217,1315,1443,1386,1452,1342,1340,1267,1179,1051,941,727,96
8/10/2013 17:00,1093,1030,914,861,856,968,1201,1482,1852,2190,2415,2513,2569,2605,2627,2610,2630,2573,2603,2517,2265,1954,1674,1505,1363,1276,1178,1056,1019,1173,1463,1719,1878,1991,2008,1890,1702,1528,1358,1215,1144,1076,1044,990,877,724,560,387,247,154,105,81,110,192,358,552,764,994,1188,1301,1337,1448,1468,1372,1322,1254,1171,1050,883,722,532,96
8/10/2013 18:00,825,721,646,674,832,1101,1445,1742,2118,2363,2524,2532,2526,2589,2618,2617,2669,2621,2583,2378,2085,1819,1576,1452,1281,1177,1105,1102,1284,1569,1878,2008,2109,2126,2044,1847,1669,1514,1373,1252,1184,1118,1009,882,724,552,386,250,157,109,88,105,196,357,535,776,988,1170,1253,1309,1339,1406,1358,1408,1255,1174,1028,866,648,510,357,96
8/10/2013 19:00,768,685,695,860,1118,1408,1773,2104,2385,2507,2556,2537,2534,2614,2617,2624,2645,2530,2380,2119,1901,1642,1438,1298,1144,1063,1100,1286,1572,1856,2036,2091,2101,2041,1879,1682,1506,1367,1262,1168,1126,1024,875,728,553,386,248,157,110,85,104,185,357,528,739,1000,1167,1255,1287,1320,1342,1406,1414,1350,1160,1041,856,651,482,355,238,96
8/10/2013 20:00,645,669,843,1143,1435,1705,2065,2318,2504,2504,2524,2531,2574,2652,2672,2630,2573,2355,2139,1920,1710,1529,1319,1185,1044,1082,1262,1593,1890,2020,2130,2132,2062,1921,1756,1539,1364,1262,1173,1109,1023,883,701,541,378,249,158,113,85,106,190,346,522,702,905,1125,1227,1302,1365,1348,1322,1391,1310,1214,995,818,625,454,295,201,111,96
8/10/2013 21:00,643,845,1124,1441,1736,2031,2305,2453,2514,2481,2498,2550,2562,2605,2634,2529,2367,2107,1921,1762,1570,1379,1177,1044,1045,1262,1550,1895,2066,2118,2126,2062,1902,1770,1538,1374,1258,1172,1109,1001,890,734,537,375,249,162,111,84,106,189,347,519,708,900,1080,1181,1293,1368,1356,1315,1367,1315,1197,1060,823,617,456,297,183,108,78,96
8/10/2013 22:00,614,1026,1382,1640,1763,1903,2098,2213,2312,2331,2333,2359,2383,2426,2387,2247,2014,1802,1580,1454,1218,1086,935,927,1090,1382,1650,1894,2018,2059,1956,1725,1561,1422,1369,1286,1188,1023,861,688,566,420,256,152,86,58,46,65,101,171,257,431,621,803,917,1019,1110,1091,1060,1071,984,870,739,593,421,297,200,127,73,51,45,96
8/10/2013 23:00,1007,1389,1621,1787,1917,2079,2214,2283,2338,2357,2348,2391,2422,2355,2247,2013,1835,1602,1454,1310,1073,952,938,1086,1339,1650,1905,2034,2063,1939,1713,1562,1410,1362,1299,1177,1022,845,698,533,411,265,146,84,58,47,64,101,174,255,430,648,798,916,1019,1073,1081,1060,987,971,868,736,604,450,309,195,128,72,48,40,52,96
8/11/2013 0:00,1384,1630,1791,1930,2091,2187,2261,2296,2320,2286,2305,2317,2239,2072,1866,1650,1505,1327,1206,1072,929,881,1026,1300,1557,1817,2016,2057,1927,1705,1545,1465,1360,1298,1203,1050,873,717,575,415,282,169,95,66,54,70,113,190,289,461,677,868,936,1028,1091,1099,1086,1025,924,882,757,622,482,357,220,139,82,52,43,49,71,96
8/11/2013 1:00,1578,1775,1909,2092,2184,2256,2320,2363,2360,2370,2341,2274,2106,1911,1714,1487,1361,1187,1075,977,959,1054,1289,1549,1758,1977,2060,1935,1729,1563,1466,1401,1302,1209,1055,889,716,572,427,268,165,104,64,59,79,121,198,298,469,692,891,962,1058,1088,1087,1049,991,913,790,692,564,440,317,216,137,78,47,33,36,53,77,96
8/11/2013 2:00,1720,1943,2095,2193,2269,2367,2357,2344,2362,2350,2292,2104,1898,1674,1471,1358,1203,1059,947,977,1110,1366,1584,1792,1954,2017,1949,1765,1602,1494,1426,1359,1208,1056,867,727,578,432,276,152,89,58,47,63,97,154,234,379,569,785,934,1021,1109,1102,1037,965,871,755,624,528,424,321,219,145,82,46,34,36,48,82,127,96
8/11/2013 3:00,1987,2150,2246,2303,2332,2439,2387,2389,2389,2322,2147,1904,1717,1538,1370,1248,1063,955,933,1161,1453,1622,1794,1961,2008,1906,1756,1610,1508,1428,1358,1242,1050,868,710,563,434,269,158,83,53,49,62,97,155,234,378,577,796,937,1068,1129,1118,1035,959,864,738,624,510,429,313,223,145,87,47,34,36,47,72,139,253,96
8/11/2013 4:00,2321,2359,2375,2363,2396,2424,2431,2400,2328,2132,1872,1650,1517,1397,1258,1127,987,961,1132,1491,1737,1833,1973,2025,1921,1728,1640,1533,1459,1370,1257,1055,872,712,561,422,277,150,88,49,45,61,92,141,213,330,504,709,889,1064,1179,1152,1060,958,831,714,597,499,403,322,221,146,90,51,36,36,47,67,112,276,425,96
8/11/2013 5:00,2573,2536,2415,2400,2405,2452,2421,2323,2117,1860,1631,1469,1335,1190,1127,1030,1016,1160,1483,1762,1948,1987,2037,1929,1721,1632,1543,1460,1374,1258,1092,872,714,564,422,267,165,85,55,44,58,94,145,212,327,504,698,889,1079,1184,1175,1076,961,841,710,596,494,402,321,230,150,96,51,39,42,46,69,116,234,458,669,96
8/11/2013 6:00,2385,2425,2330,2276,2261,2274,2162,1995,1786,1585,1390,1225,1090,942,930,946,1121,1349,1686,1926,2061,2026,1890,1701,1520,1480,1441,1373,1277,1096,933,778,629,450,298,195,136,105,81,87,122,190,246,340,491,695,887,1082,1191,1176,1084,976,852,721,608,510,415,333,238,168,110,83,72,82,108,121,167,238,432,738,944,96
8/11/2013 7:00,2515,2455,2369,2234,2237,2197,2000,1768,1579,1373,1234,1061,925,849,943,1111,1336,1637,1917,2077,2124,1920,1725,1519,1439,1399,1374,1272,1093,937,792,629,457,298,195,135,103,88,92,117,186,248,345,483,696,894,1071,1197,1177,1092,980,871,728,612,505,407,321,230,158,115,78,76,81,111,149,168,279,390,644,982,1216,96
8/11/2013 8:00,2539,2460,2359,2210,2167,2020,1770,1572,1377,1232,1060,913,846,862,1088,1391,1693,1937,2085,2165,2035,1767,1581,1460,1391,1329,1255,1080,925,804,639,455,288,188,127,98,83,89,117,177,256,361,492,680,866,1023,1127,1138,1079,987,884,744,599,493,392,295,205,143,92,85,66,81,111,150,204,271,424,582,868,1199,1381,96
8/11/2013 9:00,2583,2412,2263,2087,1986,1756,1586,1355,1225,1056,900,822,858,1007,1379,1692,1938,2107,2165,2038,1827,1590,1483,1391,1334,1254,1085,918,784,637,467,289,190,129,98,82,88,120,181,247,374,540,669,851,1032,1124,1128,1080,999,882,747,623,489,393,295,203,129,97,71,70,78,108,151,209,332,424,633,830,1131,1383,1416,96
8/11/2013 10:00,2549,2527,2422,2263,2119,1918,1690,1432,1238,1051,942,965,1211,1583,1992,2195,2308,2341,2314,2259,2102,1959,1799,1651,1552,1427,1290,1089,879,679,514,381,299,248,219,222,290,397,572,889,1241,1551,1620,1676,1662,1566,1402,1278,1156,1048,930,806,607,483,311,205,133,109,78,96,128,187,260,374,526,591,774,933,1113,1170,1084,96
8/11/2013 11:00,2517,2487,2300,2085,1897,1667,1463,1224,1056,934,957,1205,1584,1921,2189,2309,2352,2314,2259,2174,1965,1836,1670,1564,1417,1288,1097,877,657,497,389,304,248,222,223,283,389,574,868,1220,1536,1685,1683,1653,1570,1402,1270,1160,1042,935,805,662,452,332,206,130,102,84,75,122,181,262,388,526,702,787,951,1077,1118,1086,977,96
8/11/2013 12:00,2487,2337,2120,1866,1673,1439,1234,1060,927,910,1151,1503,1871,2106,2263,2328,2314,2223,2181,2063,1820,1713,1572,1455,1304,1103,895,698,512,409,330,277,237,249,308,419,603,910,1245,1531,1691,1750,1689,1597,1448,1311,1194,1097,931,820,656,484,307,211,129,88,71,64,70,118,189,315,497,668,845,930,1051,1062,1001,936,836,96
8/11/2013 13:00,2186,2031,1823,1593,1364,1165,1013,868,865,1068,1440,1810,2077,2213,2334,2326,2295,2207,2155,1989,1754,1627,1512,1335,1126,907,712,540,408,327,282,249,250,326,438,620,904,1258,1554,1686,1788,1751,1617,1446,1307,1189,1105,980,795,664,494,332,203,133,89,63,56,77,97,178,314,475,687,831,995,1034,1048,977,902,834,739,96
8/11/2013 14:00,2015,1817,1627,1392,1190,1016,879,871,1100,1459,1837,2071,2198,2263,2268,2250,2239,2115,1997,1835,1654,1526,1375,1125,927,726,563,437,357,300,262,271,347,490,687,1004,1333,1665,1758,1760,1766,1621,1462,1333,1218,1162,1014,861,644,520,342,213,124,95,72,55,65,98,151,296,477,662,869,986,1092,1036,952,887,813,744,630,96
8/11/2013 15:00,1792,1618,1427,1208,1024,877,876,1087,1469,1820,2070,2188,2257,2263,2220,2195,2136,1990,1834,1697,1528,1374,1153,921,725,561,437,362,304,262,274,352,489,695,980,1340,1635,1759,1748,1712,1621,1475,1347,1225,1116,1022,843,665,467,360,225,135,89,71,62,63,84,130,263,456,658,846,1031,1084,1085,974,872,798,740,620,480,96
8/11/2013 16:00,1543,1404,1222,1060,880,864,1074,1440,1808,2036,2166,2229,2234,2206,2153,2099,2024,1826,1728,1583,1393,1178,959,737,554,438,367,311,277,281,361,506,712,1023,1389,1665,1772,1779,1684,1625,1480,1367,1270,1149,1006,890,672,501,343,235,150,93,63,63,70,84,128,213,396,632,829,999,1111,1081,1012,880,798,726,626,486,338,96
8/11/2013 17:00,1340,1175,1003,854,818,1050,1430,1804,2034,2128,2216,2226,2195,2148,2072,1989,1829,1695,1585,1391,1178,967,759,569,422,354,310,276,291,362,501,718,1014,1391,1657,1757,1741,1707,1586,1475,1365,1261,1163,1022,847,700,495,355,228,154,103,63,53,69,88,129,206,269,572,822,985,1077,1100,1009,911,801,725,623,493,342,216,96
8/11/2013 18:00,1229,1072,944,971,1178,1518,1830,2022,2136,2199,2242,2180,2117,2057,1987,1891,1748,1623,1491,1276,1071,840,633,502,406,374,359,379,467,598,823,1142,1511,1772,1857,1828,1726,1659,1525,1428,1327,1200,1026,845,644,485,318,227,143,95,62,48,51,75,97,158,250,405,740,974,1052,1082,1026,926,796,733,627,494,346,217,137,96
8/11/2013 19:00,1077,936,938,1198,1505,1792,2023,2144,2202,2231,2171,2106,2019,1945,1872,1758,1617,1472,1297,1072,840,654,518,420,366,345,379,463,624,822,1131,1505,1776,1852,1831,1737,1631,1538,1429,1317,1204,1025,827,647,479,316,208,148,96,62,51,49,65,106,161,257,390,583,908,1061,1060,996,929,820,726,627,498,348,218,141,92,96
8/11/2013 20:00,829,870,1116,1483,1782,1985,2144,2182,2199,2158,2089,2010,1926,1859,1734,1619,1469,1285,1082,831,651,510,422,367,336,358,448,587,814,1084,1429,1717,1805,1823,1758,1651,1505,1404,1300,1174,1014,828,623,472,320,198,130,96,65,52,56,66,96,154,256,390,579,759,929,1040,967,884,793,714,606,481,326,204,126,90,64,96
8/11/2013 21:00,827,1083,1421,1731,1954,2095,2184,2193,2117,2056,1977,1900,1825,1745,1589,1446,1272,1077,845,654,512,423,372,337,356,436,584,814,1137,1455,1696,1814,1816,1760,1663,1517,1391,1291,1184,1003,827,629,483,330,213,128,81,63,50,58,74,96,156,246,400,569,778,891,956,967,882,796,712,608,483,335,207,121,76,69,116,96
8/11/2013 22:00,1097,1428,1746,1916,2032,2044,2034,1954,1881,1816,1737,1659,1589,1517,1439,1151,991,795,623,477,378,317,270,275,361,493,726,1077,1420,1694,1787,1783,1712,1626,1491,1374,1313,1256,1147,909,685,480,344,235,137,85,48,39,47,59,84,110,151,192,243,300,350,379,408,476,481,467,427,354,243,161,103,68,64,108,176,96
8/11/2013 23:00,1469,1745,1945,2006,2057,2020,1961,1854,1810,1729,1660,1590,1515,1395,1132,959,786,625,486,383,315,279,274,353,492,707,1082,1421,1688,1792,1787,1707,1608,1496,1363,1320,1260,1101,896,676,489,328,232,149,92,50,34,46,62,86,131,160,209,232,305,353,382,405,440,458,469,430,354,258,176,105,68,58,107,179,286,96
8/12/2013 0:00,1799,1917,1986,1992,1959,1863,1762,1648,1572,1498,1455,1398,1286,1103,865,705,562,437,343,295,257,276,346,482,717,1066,1487,1743,1827,1831,1757,1638,1496,1408,1367,1327,1185,925,708,500,340,225,148,92,53,35,40,57,84,121,174,200,230,277,341,374,391,421,448,437,414,346,257,182,114,71,63,95,173,283,480,96
8/12/2013 1:00,1897,1916,1954,1903,1824,1709,1622,1549,1471,1433,1363,1238,1052,868,686,557,450,355,295,263,274,343,462,697,1052,1433,1765,1869,1851,1763,1640,1501,1405,1348,1322,1193,941,710,500,334,223,140,87,49,36,42,56,77,115,158,214,216,256,308,352,376,403,437,441,405,349,249,176,124,77,59,96,166,283,489,730,96
8/12/2013 2:00,2002,1969,1918,1821,1700,1590,1538,1483,1431,1351,1227,1045,867,700,559,450,371,299,259,272,357,482,698,1074,1460,1750,1878,1912,1835,1703,1524,1422,1364,1302,1212,1008,720,501,333,217,142,88,46,37,41,55,77,120,172,223,261,289,343,375,404,438,464,474,431,360,267,191,124,101,75,105,179,295,508,772,1074,96
8/12/2013 3:00,2005,1914,1831,1717,1601,1543,1515,1454,1355,1216,1032,859,686,545,447,364,303,263,270,354,485,703,1056,1458,1753,1874,1894,1852,1710,1556,1416,1373,1307,1168,1005,768,494,333,214,134,88,46,35,40,56,81,118,175,225,266,314,344,377,400,434,465,470,439,361,276,191,133,85,79,107,180,295,508,762,1088,1388,96
8/12/2013 4:00,1923,1796,1689,1599,1498,1481,1438,1337,1191,1020,852,690,545,449,362,302,266,280,365,491,725,1066,1449,1771,1900,1911,1870,1773,1586,1454,1408,1359,1189,967,717,547,328,212,128,75,45,35,44,56,81,124,179,240,283,333,376,391,407,435,466,483,449,378,286,203,126,100,81,116,184,303,519,795,1132,1469,1820,96
8/12/2013 5:00,1756,1654,1599,1565,1451,1417,1326,1190,1034,860,698,545,440,365,296,259,266,366,493,723,1082,1448,1750,1920,1915,1863,1745,1646,1454,1390,1358,1180,969,721,497,333,210,127,72,39,35,42,57,81,126,191,236,291,344,382,411,408,431,465,478,449,375,277,204,134,89,80,114,194,306,520,800,1120,1470,1845,2182,96
8/12/2013 6:00,1544,1543,1529,1443,1307,1200,1076,945,815,668,525,411,310,239,202,208,288,437,692,1038,1428,1732,1906,1988,1940,1842,1671,1565,1417,1331,1228,1002,744,497,311,201,126,78,48,39,47,57,75,109,168,232,250,335,377,395,404,419,449,459,432,355,259,181,120,77,56,96,181,305,516,773,1100,1440,1815,2188,2491,96
8/12/2013 7:00,1535,1507,1437,1351,1226,1093,960,830,693,544,425,317,238,183,209,287,426,692,1063,1438,1742,1905,1960,1941,1835,1679,1528,1462,1344,1193,1034,736,503,311,199,129,79,50,37,46,57,75,110,168,232,284,333,387,397,410,417,449,464,432,356,253,178,115,78,64,92,179,307,534,780,1090,1434,1815,2174,2494,2754,96
8/12/2013 8:00,1540,1454,1362,1286,1139,990,849,713,556,445,335,249,197,207,294,427,688,1068,1471,1762,1928,1977,1954,1855,1685,1541,1436,1395,1219,1005,790,519,333,207,128,83,50,36,42,53,71,103,160,220,270,333,362,378,370,381,398,412,388,321,230,158,95,54,45,89,171,310,515,830,1032,1307,1649,2051,2381,2666,2861,96
8/12/2013 9:00,1442,1358,1263,1158,990,818,685,548,434,335,245,199,211,292,430,686,1062,1467,1785,1923,1989,1951,1842,1681,1524,1441,1395,1258,1021,750,540,329,206,130,79,55,37,42,52,69,103,157,218,270,333,377,374,367,374,401,409,382,322,230,152,92,56,42,76,162,295,562,765,1059,1355,1660,2042,2381,2655,2832,2847,96
8/12/2013 10:00,1203,1173,1079,951,778,647,552,482,404,312,254,275,416,670,977,1384,1807,2101,2222,2223,2164,2056,1902,1793,1691,1558,1414,1237,940,674,449,264,160,109,85,81,76,86,119,225,364,511,617,712,777,759,756,710,663,597,530,472,402,332,280,251,222,197,182,282,607,1089,1609,1888,2090,2244,2404,2530,2554,2547,2417,96
8/12/2013 11:00,1142,1070,928,774,645,537,468,395,302,257,266,413,665,1014,1370,1813,2108,2222,2252,2165,2055,1905,1779,1691,1569,1420,1208,970,680,437,270,164,107,87,73,78,87,118,208,343,514,622,704,767,766,749,720,663,599,530,462,399,332,280,251,224,196,181,269,589,1090,1583,1908,2091,2264,2405,2525,2571,2497,2402,2233,96
8/12/2013 12:00,1086,934,782,655,555,471,400,308,241,256,394,618,966,1390,1783,2094,2222,2232,2156,2030,1860,1740,1649,1569,1402,1169,902,647,416,256,170,110,84,74,73,83,118,204,331,475,622,706,760,753,742,710,670,593,525,453,381,327,273,243,216,190,177,254,532,1018,1529,1863,2092,2239,2351,2483,2511,2459,2334,2225,1999,96
8/12/2013 13:00,969,790,651,544,468,398,321,262,272,400,625,971,1401,1833,2107,2256,2280,2193,2075,1903,1789,1704,1585,1456,1216,925,662,429,269,172,119,88,74,76,81,120,209,330,474,579,716,767,768,755,707,660,596,519,451,379,321,278,246,227,205,178,270,553,1064,1551,1921,2097,2287,2404,2490,2526,2484,2333,2169,1997,1776,96
8/12/2013 14:00,772,631,545,468,402,330,273,290,433,648,1021,1462,1904,2212,2313,2302,2236,2088,1915,1782,1705,1589,1435,1220,937,655,423,264,171,117,92,75,75,88,114,219,332,473,584,674,771,775,768,729,667,600,531,448,386,323,279,255,225,215,194,270,592,1098,1633,1979,2200,2366,2486,2602,2582,2538,2405,2215,2022,1830,1617,96
8/12/2013 15:00,659,559,489,416,333,277,293,430,652,1010,1469,1906,2219,2330,2312,2230,2101,1929,1787,1695,1591,1439,1207,917,670,427,265,170,117,89,80,79,85,116,203,348,462,572,686,748,775,769,729,669,592,522,465,376,329,279,260,224,200,194,287,582,1106,1604,1999,2192,2352,2462,2580,2590,2526,2416,2230,2032,1815,1622,1395,96
8/12/2013 16:00,496,446,402,319,266,302,435,673,1046,1509,1952,2240,2352,2301,2257,2118,1954,1818,1718,1591,1428,1213,920,657,427,271,173,113,90,74,81,91,118,205,323,450,546,657,737,766,771,739,679,600,522,457,392,326,282,262,239,215,182,291,608,1133,1663,2016,2245,2398,2516,2604,2628,2584,2418,2298,2093,1897,1665,1461,1217,96
8/12/2013 17:00,454,402,324,259,280,440,667,1040,1506,1959,2257,2356,2350,2241,2129,1957,1798,1726,1589,1436,1211,935,666,427,265,174,115,90,75,74,93,121,204,320,450,549,647,727,758,768,753,679,600,522,456,389,324,281,264,237,211,194,290,608,1124,1663,1994,2214,2371,2511,2592,2602,2561,2437,2246,2112,1899,1676,1443,1220,1003,96
8/12/2013 18:00,395,339,291,299,441,706,1079,1529,1959,2250,2373,2347,2249,2092,1929,1797,1707,1644,1459,1234,967,720,476,307,205,142,100,81,74,84,121,191,285,379,471,576,606,643,643,633,596,513,465,416,373,320,269,259,242,219,208,303,637,1191,1721,2067,2217,2391,2546,2650,2679,2626,2479,2296,2071,1915,1656,1443,1186,971,774,96
8/12/2013 19:00,356,312,316,443,688,1081,1510,1949,2229,2360,2353,2248,2123,1932,1791,1710,1598,1507,1234,968,705,476,309,206,140,100,83,74,83,116,203,283,386,466,555,629,633,644,623,586,524,463,417,371,322,279,251,243,219,206,313,657,1171,1697,2058,2259,2376,2536,2637,2641,2618,2493,2294,2093,1911,1689,1439,1191,974,776,621,96
8/12/2013 20:00,301,304,431,663,1029,1483,1897,2184,2314,2317,2238,2107,1975,1831,1703,1618,1485,1283,981,699,477,315,208,141,101,87,75,83,114,202,302,380,474,550,606,646,636,618,583,517,473,424,371,317,277,251,233,220,210,324,690,1248,1775,2104,2309,2461,2579,2673,2697,2607,2485,2280,2077,1844,1604,1375,1153,932,756,585,517,96
8/12/2013 21:00,No Data,No Data,No Data,No Data,No Data,No Data,No Data,No Data,No Data,No Data,No Data,No Data,No Data,No Data,No Data,No Data,No Data,No Data,No Data,No Data,No Data,No Data,No Data,No Data,No Data,No Data,No Data,No Data,No Data,No Data,No Data,No Data,No Data,No Data,No Data,No Data,No Data,No Data,No Data,No Data,No Data,No Data,No Data,No Data,No Data,No Data,No Data,No Data,No Data,No Data,No Data,No Data,No Data,No Data,No Data,No Data,No Data,No Data,No Data,No Data,No Data,No Data,No Data,No Data,No Data,No Data,No Data,No Data,No Data,No Data,No Data,96
8/12/2013 22:00,343,558,910,1348,1795,2114,2251,2210,2205,2108,2025,1927,1837,1702,1499,1203,929,691,464,308,214,153,98,76,72,89,106,165,236,297,338,385,440,451,463,464,464,448,418,332,234,150,99,72,65,59,78,190,605,1285,1931,2361,2669,2854,2934,2987,2943,2888,2773,2653,2527,2357,2148,1917,1679,1431,1214,1032,945,1029,1234,96
8/12/2013 23:00,562,922,1340,1800,2128,2256,2260,2154,2113,2008,1930,1794,1692,1531,1180,921,665,464,312,213,149,105,76,73,86,111,165,239,315,349,385,429,455,459,465,457,451,417,340,231,150,102,75,64,59,80,179,606,1285,1977,2373,2680,2854,2952,2967,2970,2880,2787,2645,2502,2348,2162,1916,1679,1431,1202,1017,938,1029,1230,1504,96
8/13/2013 0:00,913,1332,1764,2130,2268,2272,2193,2065,1999,1902,1805,1645,1499,1264,903,667,458,307,209,144,99,75,76,88,114,190,257,328,386,399,431,448,454,456,464,446,420,341,239,149,103,76,62,54,66,154,548,1193,1885,2351,2635,2829,2905,2926,2894,2857,2769,2665,2560,2349,2178,1948,1712,1467,1244,1060,967,1071,1272,1556,1900,96
8/13/2013 1:00,1355,1790,2122,2285,2286,2217,2119,1980,1923,1801,1690,1473,1241,950,703,465,317,213,146,99,83,79,93,119,188,274,313,355,430,440,443,450,455,463,453,416,342,242,152,102,78,62,50,60,149,531,1155,1860,2343,2644,2818,2906,2926,2925,2883,2809,2685,2546,2422,2198,1993,1756,1514,1289,1103,1016,1104,1333,1605,1961,2324,96
8/13/2013 2:00,1815,2144,2284,2316,2247,2152,2001,1879,1807,1661,1493,1218,966,704,467,321,216,147,100,82,87,93,119,188,270,347,360,428,478,461,464,466,471,455,425,332,242,151,101,79,69,56,68,183,601,1242,1928,2397,2704,2888,2937,2929,2928,2879,2802,2684,2537,2380,2235,1975,1750,1504,1293,1096,1011,1101,1333,1622,1965,2323,2597,96
8/13/2013 3:00,2205,2327,2323,2274,2152,2020,1875,1745,1624,1471,1243,951,719,495,322,220,151,111,82,85,102,120,188,271,343,403,437,471,482,468,468,470,452,425,344,237,149,101,76,71,65,81,188,600,1258,1905,2389,2714,2874,2978,2951,2920,2863,2808,2685,2541,2381,2199,2006,1742,1507,1288,1103,1007,1095,1304,1608,1962,2322,2566,2629,96
8/13/2013 4:00,2267,2293,2219,2099,2018,1902,1744,1597,1412,1207,956,708,517,337,217,146,107,95,87,98,133,193,271,345,398,462,495,488,488,478,471,457,423,344,246,144,97,76,66,69,87,209,631,1313,1990,2422,2738,2901,2977,2997,2946,2885,2801,2693,2550,2371,2197,1968,1764,1509,1283,1094,1008,1110,1311,1600,1964,2333,2586,2644,2628,96
8/13/2013 5:00,2265,2221,2114,2019,1903,1775,1597,1414,1193,961,727,500,330,224,147,102,89,94,101,131,205,278,347,404,453,508,498,484,478,477,451,424,342,245,150,95,72,66,66,91,205,633,1305,2007,2446,2720,2898,2983,2980,2967,2921,2815,2686,2550,2391,2191,1975,1732,1516,1294,1095,1008,1107,1331,1597,1936,2314,2610,2648,2618,2558,96
8/13/2013 6:00,2307,2219,2027,1895,1725,1569,1379,1157,955,734,535,351,208,156,113,96,96,109,130,193,277,358,419,479,502,506,495,476,467,449,416,346,248,160,118,94,110,133,164,296,732,1430,2135,2553,2807,2920,3029,3030,3039,2970,2868,2704,2562,2384,2203,1962,1730,1477,1272,1093,984,1099,1331,1621,1950,2317,2575,2633,2587,2527,2480,96
8/13/2013 7:00,2253,2144,1933,1798,1634,1445,1227,944,742,554,374,224,153,122,101,98,112,132,195,274,361,425,482,513,507,497,477,468,451,415,334,248,162,116,101,103,115,162,295,733,1426,2126,2581,2830,2949,2995,3029,3032,2961,2871,2724,2549,2410,2203,1983,1723,1482,1254,1071,1011,1092,1333,1632,1984,2307,2570,2652,2631,2528,2477,2359,96
8/13/2013 8:00,2055,1945,1745,1579,1407,1177,948,697,538,358,216,141,98,88,94,104,130,197,278,360,428,480,508,500,481,455,441,427,395,320,222,155,105,93,105,99,126,256,657,1340,2046,2510,2822,2926,2982,3001,3052,3004,2876,2745,2591,2440,2246,2032,1783,1522,1300,1105,1031,1165,1355,1688,2050,2406,2631,2679,2662,2579,2476,2348,2181,96
8/13/2013 9:00,1911,1771,1597,1430,1176,934,717,501,352,223,146,102,86,90,102,126,192,279,364,428,483,513,502,480,455,440,427,396,320,221,145,105,94,105,101,121,235,652,1342,2034,2493,2812,2985,3013,3015,3027,2992,2898,2729,2588,2428,2257,2038,1790,1525,1294,1106,1018,1158,1391,1630,2038,2428,2668,2678,2643,2588,2504,2355,2192,2010,96
8/13/2013 10:00,1895,1780,1605,1373,1038,755,562,383,256,178,123,106,102,109,133,235,362,488,496,458,447,484,519,543,535,522,479,401,273,218,181,180,180,155,154,264,757,1504,2262,2701,2984,3072,3099,2997,2914,2789,2708,2550,2350,2187,1976,1705,1425,1169,987,907,880,928,1010,1211,1590,2092,2456,2560,2512,2440,2381,2285,2138,1976,1820,96
8/13/2013 11:00,1725,1595,1329,1000,753,543,371,246,164,114,95,95,105,129,231,353,481,497,462,449,484,528,557,537,523,477,401,289,199,179,173,181,161,152,275,809,1547,2267,2717,2940,3059,3096,3040,2926,2799,2671,2561,2378,2164,1976,1675,1417,1193,1003,895,890,926,1011,1220,1594,2073,2470,2578,2549,2435,2368,2285,2144,1992,1851,1697,96
8/13/2013 12:00,1529,1305,1032,737,568,391,268,178,123,100,96,111,147,224,374,496,500,482,464,498,542,571,559,530,479,396,287,201,174,168,172,161,155,260,726,1504,2203,2614,2909,3005,3043,2982,2890,2754,2652,2516,2422,2187,1939,1661,1393,1188,1026,946,859,923,1005,1205,1583,2059,2458,2579,2571,2536,2383,2253,2111,1979,1850,1748,1593,96
8/13/2013 13:00,1497,1073,799,554,424,304,213,153,124,117,126,166,275,355,465,508,483,470,498,546,576,561,535,480,402,292,218,171,165,173,167,176,303,765,1529,2304,2688,2917,3030,3051,2988,2882,2774,2637,2516,2390,2242,1983,1687,1387,1159,1026,938,888,902,1000,1190,1565,2055,2439,2597,2590,2560,2435,2278,2062,1972,1856,1725,1617,1488,96
8/13/2013 14:00,825,605,436,336,255,179,127,98,93,99,121,174,268,346,384,387,407,449,493,516,527,535,505,433,322,245,202,202,217,233,250,417,841,1524,2170,2636,2885,2990,2974,2809,2641,2480,2369,2233,2078,1898,1687,1457,1209,1022,896,811,770,781,848,1044,1376,1832,2139,2292,2298,2271,2199,2070,1919,1766,1619,1488,1384,1294,1196,96
8/13/2013 15:00,605,436,336,255,179,127,98,93,99,121,174,268,346,384,387,407,449,493,516,527,535,505,433,322,245,202,202,217,233,250,417,841,1524,2170,2636,2885,2990,2974,2809,2641,2480,2369,2233,2078,1898,1687,1457,1209,1022,896,811,770,781,848,1044,1376,1832,2139,2292,2298,2271,2199,2070,1919,1766,1619,1488,1384,1294,1196,1089,96
8/13/2013 16:00,436,336,255,179,127,98,93,99,121,174,268,346,384,387,407,449,493,516,527,535,505,433,322,245,202,202,217,233,250,417,841,1524,2170,2636,2885,2990,2974,2809,2641,2480,2369,2233,2078,1898,1687,1457,1209,1022,896,811,770,781,848,1044,1376,1832,2139,2292,2298,2271,2199,2070,1919,1766,1619,1488,1384,1294,1196,1089,971,96
8/13/2013 17:00,336,255,179,127,98,93,99,121,174,268,346,384,387,407,449,493,516,527,535,505,433,322,245,202,202,217,233,250,417,841,1524,2170,2636,2885,2990,2974,2809,2641,2480,2369,2233,2078,1898,1687,1457,1209,1022,896,811,770,781,848,1044,1376,1832,2139,2292,2298,2271,2199,2070,1919,1766,1619,1488,1384,1294,1196,1089,971,882,96
8/13/2013 18:00,312,228,161,118,99,107,131,185,275,344,373,365,376,406,446,473,491,496,457,380,272,194,156,147,148,150,168,330,734,1390,2021,2525,2853,3047,3084,2941,2804,2666,2577,2440,2283,2107,1827,1525,1209,1022,896,811,770,781,848,1044,1376,1832,2139,2292,2298,2271,2199,2070,1919,1766,1619,1488,1384,1294,1196,1089,971,882,816,96
8/13/2013 19:00,228,161,118,99,107,131,185,275,344,373,365,376,406,446,473,491,496,457,380,272,194,156,147,148,150,168,330,734,1390,2021,2525,2853,3047,3084,2941,2804,2666,2577,2440,2283,2107,1827,1525,1209,1022,896,811,770,781,848,1044,1376,1832,2139,2292,2298,2271,2199,2070,1919,1766,1619,1488,1384,1294,1196,1089,971,882,816,784,96
8/13/2013 20:00,167,121,99,103,123,179,269,337,366,357,372,410,470,503,514,500,455,381,284,222,188,177,183,213,264,462,882,1525,2129,2611,2916,3088,3093,2917,2758,2607,2513,2375,2218,2033,1746,1444,1136,965,855,787,753,770,839,1037,1369,1818,2125,2270,2269,2243,2200,2117,1997,1860,1698,1544,1391,1249,1112,987,873,782,705,657,672,96
8/13/2013 21:00,80,74,87,117,197,315,425,470,466,464,481,503,532,528,504,452,380,280,208,171,156,151,151,171,329,796,1558,2266,2746,3008,3117,3124,2995,2877,2732,2699,2581,2351,2173,1941,1639,1324,1127,974,882,822,837,927,1108,1488,1999,2402,2548,2552,2503,2449,2413,2289,2183,2072,1931,1787,1632,1493,1324,1142,1019,881,814,760,872,96
8/13/2013 22:00,55,64,78,103,138,199,275,360,434,480,519,574,618,630,614,503,420,343,286,252,225,214,243,378,740,1349,1952,2439,2844,3103,3168,3115,2994,2865,2669,2483,2235,2000,1720,1426,1142,941,813,720,683,687,748,918,1239,1665,2085,2348,2510,2549,2502,2374,2270,2123,2048,1942,1733,1545,1338,1199,1095,1034,959,892,895,883,902,96
8/13/2013 23:00,64,79,103,141,196,276,360,413,477,519,580,616,626,616,500,415,341,286,252,224,214,243,384,746,1333,1941,2439,2842,3102,3183,3092,2988,2832,2702,2460,2243,2015,1722,1424,1138,937,805,722,689,696,751,897,1237,1683,2077,2337,2511,2554,2503,2366,2200,2128,2033,1922,1731,1530,1352,1199,1094,1031,954,886,870,896,904,954,96
8/14/2013 0:00,83,121,181,236,283,356,406,462,523,577,624,625,615,554,422,352,310,282,258,252,274,426,793,1365,1972,2418,2838,3106,3193,3126,2988,2851,2700,2508,2270,2046,1762,1443,1160,965,835,749,706,723,786,913,1209,1654,2064,2301,2468,2536,2482,2345,2169,2030,2019,1894,1698,1502,1286,1152,1061,975,929,880,860,912,958,1027,1120,96
8/14/2013 1:00,120,192,255,323,397,466,471,513,564,602,607,585,527,443,367,304,279,255,251,267,410,794,1312,1935,2391,2810,3090,3191,3127,3004,2844,2698,2498,2297,2045,1760,1458,1147,939,814,730,688,691,766,918,1196,1608,2037,2311,2456,2519,2493,2337,2161,2017,1931,1801,1672,1443,1280,1134,1048,952,884,854,822,833,893,964,1088,1213,96
8/14/2013 2:00,188,263,327,369,469,505,513,552,592,596,594,538,445,374,310,276,262,248,262,399,786,1302,1873,2360,2745,3030,3154,3107,3015,2865,2709,2511,2305,2087,1771,1462,1171,951,816,726,695,698,761,923,1227,1623,2030,2315,2486,2515,2487,2338,2112,1966,1877,1764,1570,1447,1252,1141,1051,978,897,859,852,856,874,995,1075,1223,1374,96
8/14/2013 3:00,244,322,398,428,506,529,551,583,585,573,537,448,373,316,276,254,249,261,394,805,1329,1882,2355,2753,3013,3137,3105,3012,2866,2700,2514,2312,2103,1805,1460,1165,955,807,716,679,686,762,928,1227,1641,2076,2294,2479,2526,2473,2313,2139,1957,1877,1747,1577,1390,1206,1113,1022,979,910,860,848,857,864,930,1025,1199,1368,1532,96
8/14/2013 4:00,324,395,461,462,518,548,579,588,564,516,426,351,308,262,255,244,261,392,800,1356,1926,2356,2749,3036,3095,3073,2996,2853,2700,2504,2324,2109,1824,1506,1172,962,821,711,679,702,770,930,1261,1672,2066,2375,2519,2543,2484,2314,2106,1952,1857,1725,1537,1368,1197,1080,1025,959,930,893,903,922,969,987,1067,1174,1336,1533,1696,96
8/14/2013 5:00,407,461,503,507,553,577,590,569,507,417,351,295,267,238,243,258,397,809,1362,1947,2395,2755,3020,3134,3042,2976,2840,2705,2515,2311,2119,1822,1497,1182,951,816,720,661,689,768,934,1260,1690,2064,2332,2532,2563,2483,2314,2116,1951,1857,1731,1537,1363,1194,1081,993,961,916,916,900,923,970,1001,1045,1166,1287,1487,1695,1806,96
8/14/2013 6:00,471,498,542,561,587,582,578,533,421,346,288,283,278,298,350,477,838,1418,1972,2414,2741,2949,3059,3031,2940,2827,2674,2482,2309,2118,1891,1569,1248,1009,809,690,605,568,622,782,1095,1531,1974,2272,2480,2549,2468,2315,2045,1864,1731,1604,1461,1282,1115,1020,953,884,863,851,850,853,906,968,1068,1161,1327,1486,1648,1845,2060,96
8/14/2013 7:00,474,525,571,576,573,552,530,454,346,309,274,274,294,348,484,831,1423,2013,2407,2762,2987,3045,3031,2946,2814,2665,2478,2312,2132,1893,1577,1242,990,811,662,595,564,603,756,1072,1501,1945,2288,2505,2527,2490,2305,2107,1864,1726,1595,1463,1283,1116,1017,956,887,843,849,861,870,897,972,1101,1221,1306,1478,1666,1844,2055,2254,96
8/14/2013 8:00,487,552,570,579,560,508,456,375,291,282,278,315,377,516,876,1445,2065,2484,2790,3016,3092,3024,2937,2789,2629,2491,2318,2130,1892,1551,1239,969,781,663,562,560,582,703,1004,1421,1872,2212,2451,2470,2447,2299,2094,1952,1756,1621,1475,1302,1113,1007,940,860,816,795,820,849,881,940,1088,1225,1380,1454,1650,1864,2067,2280,2421,96
8/14/2013 9:00,548,583,578,568,502,414,363,309,283,283,311,384,547,882,1442,2030,2480,2804,3006,3107,3054,2952,2769,2644,2446,2319,2104,1875,1575,1226,975,765,648,554,545,594,694,964,1372,1848,2180,2428,2497,2406,2295,2106,1950,1763,1628,1473,1292,1123,1008,940,869,810,784,793,817,892,944,1059,1172,1388,1540,1634,1854,2079,2291,2427,2400,96
8/14/2013 10:00,465,505,520,537,532,539,566,610,662,787,935,1128,1350,1632,1897,2193,2465,2634,2625,2533,2428,2357,2279,2242,2134,2045,1810,1486,1144,857,657,520,446,436,470,582,789,1126,1530,1856,2118,2211,2210,2059,1960,1816,1680,1542,1337,1181,1009,856,686,542,434,374,404,522,746,1045,1321,1601,1822,1990,2099,2202,2327,2432,2492,2426,2315,96
8/14/2013 11:00,491,527,534,552,543,566,613,670,781,939,1130,1337,1631,1899,2188,2461,2639,2622,2516,2438,2363,2311,2200,2140,2024,1820,1489,1127,866,665,516,449,422,446,557,811,1127,1510,1834,2090,2205,2187,2068,1875,1813,1694,1542,1402,1180,1009,853,687,544,435,375,403,524,732,1005,1333,1608,1880,2000,2120,2220,2329,2416,2470,2464,2335,2224,96
8/14/2013 12:00,501,539,559,575,577,624,691,815,987,1188,1429,1678,1944,2222,2484,2654,2662,2535,2445,2369,2291,2189,2071,1972,1730,1450,1108,826,659,551,458,442,455,560,816,1200,1517,1836,2080,2150,2161,2027,1840,1656,1525,1478,1331,1177,970,804,638,481,373,322,347,482,666,884,1120,1360,1544,1706,1836,1931,2028,2105,2138,2090,2008,1863,1792,96
8/14/2013 13:00,519,549,555,588,638,724,855,1019,1221,1445,1710,1955,2213,2502,2629,2660,2560,2436,2355,2281,2162,2051,1913,1723,1402,1076,814,637,514,457,422,445,535,762,1121,1534,1795,2024,2120,2070,1961,1796,1617,1474,1372,1282,1119,951,767,616,467,363,325,353,483,674,901,1127,1360,1587,1712,1840,1951,2053,2119,2150,2105,2024,1915,1826,1747,96
8/14/2013 14:00,557,584,605,670,765,913,1081,1275,1502,1745,1983,2237,2469,2631,2634,2567,2476,2368,2302,2166,2042,1903,1695,1389,1076,797,626,529,457,431,441,548,762,1109,1503,1871,2098,2177,2136,1976,1812,1620,1448,1307,1188,1087,929,763,606,460,350,303,323,438,613,819,1057,1296,1522,1709,1824,1952,2061,2124,2137,2095,2015,1904,1829,1764,1712,96
8/14/2013 15:00,632,656,699,781,924,1099,1292,1508,1755,1978,2252,2490,2628,2647,2554,2472,2398,2302,2180,2058,1903,1694,1382,1054,794,627,523,455,437,450,543,770,1100,1485,1821,2124,2183,2124,1970,1765,1609,1429,1315,1182,1065,933,762,610,456,344,302,323,470,615,833,1057,1306,1503,1682,1828,1951,2046,2124,2143,2090,2016,1911,1815,1738,1730,1685,96
8/14/2013 16:00,672,733,819,946,1110,1295,1514,1740,1979,2228,2482,2628,2636,2579,2480,2393,2331,2204,2069,1917,1694,1391,1054,791,629,511,456,431,454,553,777,1126,1496,1834,2103,2202,2131,1958,1767,1560,1400,1247,1143,1015,908,757,593,437,329,276,308,410,583,760,1011,1272,1501,1653,1810,1937,2057,2112,2119,2077,1993,1910,1817,1745,1691,1682,1655,96
8/14/2013 17:00,719,806,940,1097,1289,1500,1744,1971,2222,2470,2644,2640,2559,2511,2392,2318,2224,2094,1937,1708,1383,1054,777,612,510,450,440,451,562,789,1105,1509,1820,2099,2194,2133,1964,1756,1555,1356,1244,1104,1026,891,757,595,437,336,281,306,430,583,779,1020,1260,1492,1666,1782,1914,2028,2118,2153,2064,1994,1902,1826,1759,1701,1669,1666,1651,96
8/14/2013 18:00,793,886,991,1170,1289,1667,1731,1987,2212,2423,2541,2533,2474,2374,2393,2217,2051,1842,1621,1299,983,724,565,476,427,420,436,562,808,1157,1468,1735,1998,2145,2153,2041,1846,1665,1489,1350,1224,1117,941,813,622,483,366,302,309,413,583,779,1033,1291,1521,1700,1822,1956,2042,2129,2159,2133,2107,1964,1901,1809,1787,1740,1696,1653,1656,1697
8/14/2013 19:00,815,942,1077,1310,1485,1832,1937,2240,2447,2553,2546,2466,2430,2345,2277,2048,1853,1604,1308,1002,755,581,475,424,419,456,571,820,1163,1499,1744,1965,2135,2115,1993,1799,1613,1435,1323,1202,1094,934,756,617,458,356,290,304,423,588,819,1062,1344,1571,1743,1896,1992,2096,2130,2174,2152,2095,2057,1903,1834,1804,1749,1697,1665,1650,1695,1814
8/14/2013 20:00,944,1093,1269,1569,1698,1972,2218,2456,2559,2524,2483,2411,2339,2203,2062,1826,1609,1289,1015,782,609,477,421,412,446,583,812,1157,1478,1761,1968,2106,2127,1994,1794,1602,1441,1279,1192,1092,924,751,564,452,339,289,304,425,590,824,1076,1336,1569,1743,1893,1985,2078,2159,2146,2149,2093,2024,1980,1888,1836,1780,1692,1659,1651,1694,1811,2061
8/14/2013 21:00,516,819,1220,1695,1926,2294,2525,2685,2645,2588,2550,2489,2355,2116,1837,1530,1211,914,695,535,399,280,236,231,323,582,940,1339,1667,1960,2097,2068,1854,1565,1304,1056,888,807,788,705,598,467,390,301,255,248,322,415,553,775,1089,1429,1756,2058,2241,2300,2268,2184,2075,2016,1938,1863,1835,1798,1758,1687,1620,1590,1608,1707,1950,2227
8/14/2013 22:00,812,1246,1642,2063,2286,2542,2669,2651,2586,2544,2504,2351,2118,1829,1535,1185,917,683,540,416,309,237,233,322,571,952,1328,1659,1942,2111,2062,1859,1577,1305,1063,895,810,784,708,600,472,385,295,244,240,316,434,553,777,1090,1427,1762,2054,2249,2308,2278,2174,2084,1982,1945,1858,1846,1804,1739,1668,1621,1585,1604,1706,1938,2250,2507
8/14/2013 23:00,1188,1625,1979,2334,2506,2636,2614,2553,2511,2467,2322,2100,1802,1507,1216,873,653,498,382,296,252,232,324,568,938,1335,1645,1938,2090,2062,1840,1579,1295,1052,867,783,766,684,583,467,402,327,269,268,329,477,656,879,1192,1518,1851,2140,2300,2364,2299,2199,2084,1982,1957,1915,1895,1871,1818,1725,1671,1656,1686,1762,1991,2273,2543,2805
8/15/2013 0:00,1544,1946,2274,2491,2601,2605,2530,2496,2450,2309,2083,1802,1497,1191,911,673,501,384,313,260,243,317,565,926,1321,1644,1920,2087,2051,1842,1586,1305,1042,879,783,756,663,565,451,393,312,257,254,322,466,651,887,1214,1539,1869,2152,2330,2352,2323,2220,2107,2012,1925,1911,1879,1851,1798,1722,1649,1630,1678,1756,1988,2281,2561,2848,3085
8/15/2013 1:00,2121,2425,2585,2649,2625,2544,2488,2439,2296,2080,1799,1525,1202,911,724,516,408,349,323,336,430,696,1051,1405,1702,1935,2056,2012,1822,1537,1290,1033,859,792,758,656,532,419,360,300,254,250,313,426,610,815,1132,1454,1790,2080,2275,2315,2274,2213,2104,2033,1942,1884,1878,1870,1808,1737,1671,1647,1666,1755,1966,2250,2553,2833,3086,3252
8/15/2013 2:00,2495,2661,2679,2635,2556,2507,2451,2306,2086,1803,1522,1209,909,680,542,408,353,314,334,445,693,1056,1407,1697,1941,2058,2004,1809,1551,1281,1046,865,780,766,669,530,402,358,293,254,250,325,436,567,812,1133,1454,1788,2072,2249,2316,2286,2193,2141,2034,1942,1885,1850,1848,1813,1750,1687,1653,1669,1745,1975,2269,2537,2818,3090,3267,3278
8/15/2013 3:00,2781,2777,2686,2593,2539,2485,2332,2126,1840,1553,1228,922,675,514,417,367,334,351,474,734,1073,1402,1677,1923,2061,2001,1806,1560,1284,1043,872,781,749,660,536,391,336,292,249,244,297,412,552,739,1064,1407,1740,2029,2225,2277,2283,2203,2096,2040,1933,1868,1830,1833,1781,1751,1695,1639,1635,1702,1923,2231,2517,2799,3096,3253,3290,3243
8/15/2013 4:00,2796,2735,2584,2522,2471,2331,2121,1846,1553,1228,920,673,498,400,358,332,353,452,735,1089,1427,1695,1921,2047,2008,1800,1542,1295,1035,869,808,757,650,534,402,330,281,247,245,297,395,559,752,1032,1374,1743,2029,2236,2292,2257,2207,2131,1998,1976,1864,1837,1809,1788,1739,1696,1645,1640,1701,1930,2208,2515,2810,3071,3290,3290,3245,3158
8/15/2013 5:00,2537,2452,2385,2325,2292,2165,1924,1597,1246,912,642,438,351,300,314,361,489,763,1173,1492,1755,1923,1931,1781,1550,1286,1043,849,687,602,568,528,476,408,327,269,241,250,294,386,546,850,1186,1542,1830,2059,2229,2300,2309,2210,2134,1994,1860,1801,1785,1775,1755,1703,1661,1626,1633,1711,1937,2251,2523,2845,3118,3300,3352,3272,3179,3090
8/15/2013 6:00,2408,2421,2377,2297,2182,1958,1620,1263,923,663,471,356,317,308,362,492,766,1152,1523,1759,1908,1945,1788,1567,1319,1065,843,694,607,563,531,470,407,326,269,240,257,294,384,548,829,1199,1506,1814,2046,2209,2275,2301,2265,2134,1994,1878,1799,1783,1771,1733,1705,1656,1628,1631,1702,1936,2228,2530,2834,3122,3304,3319,3308,3179,3092,3007
8/15/2013 7:00,2485,2450,2348,2173,1955,1637,1270,936,669,485,366,296,283,314,437,704,1080,1467,1762,1909,1945,1849,1620,1391,1143,915,750,665,607,559,516,448,379,322,284,293,339,415,581,863,1222,1562,1825,2074,2227,2274,2272,2211,2133,1968,1886,1825,1786,1737,1705,1677,1639,1602,1601,1692,1907,2207,2505,2836,3117,3326,3341,3294,3244,3123,3037,2881
8/15/2013 8:00,2410,2302,2164,1876,1595,1255,911,652,463,358,294,275,309,431,685,1078,1457,1775,1950,1953,1837,1619,1376,1140,908,752,665,613,568,513,448,369,320,285,302,348,435,577,863,1214,1547,1838,2051,2209,2291,2234,2218,2093,2002,1885,1826,1803,1772,1724,1656,1634,1611,1600,1691,1922,2188,2494,2819,3118,3315,3345,3305,3208,3165,3029,2882,2662
8/15/2013 9:00,2180,2022,1781,1452,1164,881,640,459,343,278,242,272,426,804,1333,1837,2200,2439,2404,2200,1913,1643,1474,1342,1219,1080,947,820,730,626,501,419,383,412,484,610,806,1164,1578,1912,2080,2184,2231,2235,2256,2155,2075,1928,1813,1732,1641,1527,1332,1177,1042,958,929,993,1158,1405,1785,2236,2701,3065,3214,3228,3212,3181,3149,3042,2870,2666
8/15/2013 10:00,1934,1714,1454,1110,852,626,434,325,259,232,257,423,786,1319,1824,2203,2404,2454,2212,1920,1645,1442,1339,1221,1102,967,830,713,626,526,421,377,406,485,611,816,1150,1557,1910,2079,2172,2227,2224,2214,2181,2066,1922,1798,1736,1640,1526,1371,1179,1040,965,927,984,1150,1402,1765,2246,2689,3056,3187,3239,3223,3186,3153,3035,2878,2664,2444
8/15/2013 11:00,1557,1327,1062,766,568,390,286,231,204,244,393,783,1297,1815,2207,2447,2436,2316,1945,1671,1453,1306,1211,1112,969,854,719,620,514,421,375,395,472,600,808,1122,1538,1839,2069,2193,2261,2309,2266,2252,2242,2087,1911,1834,1746,1605,1444,1280,1092,1014,1010,1045,1192,1450,1816,2292,2725,3056,3188,3225,3199,3164,3108,3007,2810,2615,2381,2124
8/15/2013 12:00,1124,911,741,517,362,265,211,190,230,393,750,1292,1810,2184,2424,2471,2287,2047,1676,1481,1331,1196,1092,978,851,752,639,520,429,377,391,469,599,797,1115,1495,1852,2014,2168,2231,2276,2271,2201,2148,2126,1910,1794,1670,1605,1430,1238,1063,994,968,1024,1172,1401,1779,2268,2733,3052,3155,3206,3178,3173,3144,3024,2857,2609,2383,2131,1882
8/15/2013 13:00,904,729,555,390,277,233,228,263,456,818,1330,1880,2233,2433,2476,2340,1991,1721,1453,1335,1209,1076,982,892,769,670,561,459,402,421,506,624,840,1152,1536,1871,2081,2181,2280,2294,2304,2284,2178,2039,1966,1812,1696,1546,1434,1203,1071,1015,1020,1097,1262,1502,1823,2312,2763,3099,3183,3195,3144,3123,3131,3008,2851,2636,2384,2142,1898,1676
8/15/2013 14:00,677,505,372,274,225,210,271,462,834,1328,1860,2235,2416,2432,2305,2030,1693,1493,1325,1214,1095,956,866,769,651,548,469,417,433,505,630,827,1152,1528,1848,2055,2209,2261,2296,2279,2252,2155,2032,1894,1850,1697,1573,1393,1247,1071,1021,1020,1096,1273,1502,1842,2295,2758,3096,3210,3173,3158,3107,3086,3019,2813,2608,2415,2134,1898,1684,1487
8/15/2013 15:00,512,387,284,242,229,282,481,864,1393,1894,2268,2447,2432,2289,2037,1749,1484,1377,1225,1120,1008,867,777,666,550,469,427,449,527,648,847,1168,1534,1842,2053,2206,2269,2282,2269,2227,2143,1998,1895,1785,1742,1577,1417,1247,1105,1057,1083,1172,1365,1630,1951,2381,2773,3139,3244,3249,3184,3162,3113,3014,2838,2638,2414,2204,1905,1673,1508,1331
8/15/2013 16:00,377,286,249,226,275,474,862,1369,1881,2245,2447,2443,2287,1996,1756,1518,1352,1262,1111,1005,894,759,656,560,460,422,449,532,654,862,1173,1539,1843,2045,2190,2275,2285,2255,2212,2104,1986,1832,1770,1677,1615,1411,1232,1106,1079,1083,1181,1366,1617,1967,2395,2791,3075,3226,3253,3231,3159,3094,2975,2830,2612,2386,2156,1953,1684,1485,1332,1144
8/15/2013 17:00,266,241,239,277,439,847,1365,1918,2292,2583,2642,2508,2200,1904,1711,1539,1393,1299,1134,998,852,744,626,549,509,524,610,730,916,1183,1509,1818,2056,2224,2330,2367,2358,2283,2174,2034,1922,1818,1734,1585,1441,1207,1085,1038,1047,1133,1317,1558,1887,2358,2790,3091,3191,3236,3220,3201,3121,3003,2814,2635,2406,2178,1955,1730,1544,1359,1183,1012
8/15/2013 18:00,223,237,304,445,838,1394,1907,2316,2564,2647,2518,2195,1900,1685,1592,1411,1298,1141,987,849,742,624,551,513,523,605,738,923,1184,1502,1820,2066,2213,2341,2373,2368,2306,2175,2015,1893,1790,1715,1586,1394,1187,1080,1037,1088,1133,1316,1566,1887,2341,2787,3104,3207,3215,3213,3192,3111,3009,2812,2609,2409,2185,1951,1739,1551,1364,1170,1005,836
8/15/2013 19:00,204,299,490,868,1459,2041,2397,2636,2681,2548,2213,1883,1666,1537,1463,1282,1124,963,824,701,604,513,474,471,533,640,814,1063,1387,1683,1961,2148,2279,2353,2357,2319,2170,2030,1885,1756,1694,1544,1392,1184,1061,1022,1011,1099,1279,1526,1870,2315,2754,3075,3217,3232,3204,3206,3149,3042,2844,2617,2381,2180,1955,1737,1568,1375,1195,1020,870,788
8/15/2013 20:00,252,434,886,1430,2031,2403,2633,2680,2528,2225,1876,1666,1543,1423,1354,1120,958,823,707,593,524,475,469,537,642,814,1061,1383,1688,1947,2145,2288,2341,2374,2321,2204,2029,1899,1770,1686,1528,1350,1183,1060,999,1041,1091,1279,1526,1860,2329,2752,3075,3184,3211,3210,3199,3158,3041,2863,2617,2380,2154,1951,1745,1563,1403,1178,1016,867,784,793
8/15/2013 21:00,451,882,1509,1995,2373,2599,2636,2460,2115,1793,1537,1409,1293,1179,1013,876,711,618,524,443,422,415,461,577,740,963,1249,1534,1814,2028,2201,2281,2301,2287,2247,2120,2035,1992,1872,1703,1538,1319,1155,1056,1059,1158,1374,1644,1980,2415,2812,3101,3217,3278,3270,3255,3212,3081,2858,2613,2345,2111,1907,1732,1557,1412,1239,1049,932,844,842,886
8/15/2013 22:00,874,1389,1935,2292,2588,2653,2460,2074,1732,1487,1354,1239,1115,952,811,630,538,471,412,380,403,460,560,722,952,1217,1500,1784,2023,2199,2298,2319,2308,2250,2207,2095,2034,2000,1832,1602,1395,1213,1178,1183,1276,1542,1882,2273,2639,2932,3171,3235,3261,3242,3237,3208,3115,2878,2566,2278,1999,1800,1619,1481,1339,1199,1060,930,879,875,928,1001
8/15/2013 23:00,1349,1809,2251,2501,2620,2465,2088,1723,1531,1408,1278,1142,961,814,702,549,468,414,383,386,457,568,713,952,1223,1494,1783,2024,2200,2297,2334,2305,2250,2171,2161,2049,1965,1871,1629,1418,1265,1194,1267,1370,1637,2045,2381,2740,3017,3223,3294,3308,3268,3254,3213,3088,2848,2540,2220,1985,1749,1564,1406,1283,1126,982,831,757,796,855,942,1089
8/16/2013 0:00,1871,2308,2607,2628,2466,2078,1685,1459,1351,1249,1098,932,790,659,564,474,402,374,388,447,560,729,950,1235,1493,1776,2023,2209,2308,2351,2338,2265,2199,2129,2111,1992,1874,1654,1415,1286,1225,1236,1385,1643,1996,2417,2686,3018,3220,3296,3292,3269,3240,3199,3081,2824,2535,2228,1973,1767,1548,1391,1261,1117,962,818,728,754,845,941,1114,1238
8/16/2013 1:00,2396,2678,2747,2512,2133,1773,1502,1362,1266,1129,943,804,670,561,483,390,359,360,434,546,711,963,1230,1506,1772,1988,2165,2256,2279,2268,2215,2157,2139,2081,2049,1892,1677,1451,1307,1263,1282,1392,1666,2014,2376,2733,2990,3230,3299,3314,3271,3240,3196,3072,2817,2532,2233,1977,1764,1564,1389,1263,1134,977,815,739,742,832,976,1142,1344,1486
8/16/2013 2:00,2727,2780,2579,2154,1780,1552,1376,1289,1127,950,795,666,561,477,409,358,362,419,542,719,962,1281,1507,1792,1996,2165,2245,2285,2264,2231,2171,2120,2096,2021,1904,1675,1455,1294,1256,1298,1390,1642,2014,2385,2687,3006,3185,3317,3321,3278,3248,3191,3071,2819,2518,2233,1984,1772,1563,1408,1263,1135,997,823,743,748,813,939,1142,1319,1522,1639
8/16/2013 3:00,2960,2683,2227,1849,1595,1432,1272,1163,983,835,695,587,480,397,379,362,423,526,711,974,1272,1563,1784,2000,2152,2239,2264,2261,2220,2185,2128,2084,2025,1884,1694,1466,1322,1270,1319,1450,1692,2036,2403,2711,2989,3202,3275,3329,3307,3272,3216,3076,2831,2524,2232,1984,1771,1580,1407,1274,1132,994,848,749,765,851,948,1138,1362,1534,1687,1780
8/16/2013 4:00,2530,2147,1766,1545,1376,1239,1116,964,833,691,574,466,389,367,367,425,525,691,981,1289,1564,1792,1988,2162,2225,2267,2259,2225,2177,2147,2086,2025,1893,1686,1458,1307,1270,1306,1445,1706,2034,2394,2717,2983,3200,3287,3306,3307,3283,3218,3081,2828,2531,2228,1975,1785,1578,1416,1280,1136,990,850,779,764,840,957,1126,1330,1539,1684,1810,1875
8/16/2013 5:00,1919,1595,1348,1230,1107,981,845,736,633,528,420,326,296,306,369,479,627,907,1213,1486,1720,1913,2066,2121,2133,2133,2118,2072,2009,1986,1931,1840,1677,1451,1293,1219,1289,1399,1660,1984,2341,2674,2927,3143,3243,3305,3270,3250,3181,3045,2785,2488,2204,1952,1751,1575,1400,1270,1128,981,858,798,804,859,988,1166,1362,1496,1672,1833,1929,2000
8/16/2013 6:00,1411,1255,1182,1084,962,833,729,633,527,420,328,288,294,361,462,633,872,1229,1508,1737,1914,2058,2142,2123,2126,2116,2075,2019,1973,1946,1839,1666,1451,1284,1239,1276,1396,1620,1996,2357,2665,2941,3141,3239,3293,3279,3234,3177,3045,2790,2491,2207,1959,1753,1575,1419,1268,1131,982,846,812,805,887,977,1168,1365,1565,1646,1830,1924,1994,2074
8/16/2013 7:00,1156,1145,1080,962,812,695,619,525,410,323,282,281,333,438,588,873,1156,1521,1735,1950,2098,2183,2196,2172,2176,2120,2052,1995,1938,1873,1683,1458,1288,1243,1315,1424,1643,1970,2370,2679,2941,3148,3243,3294,3265,3237,3146,3041,2778,2484,2203,1957,1748,1552,1381,1243,1100,955,817,777,795,847,941,1101,1294,1483,1609,1748,1871,1947,2036,2049
8/16/2013 8:00,1163,1094,984,831,693,603,514,418,326,289,291,336,431,576,843,1151,1497,1745,1931,2105,2182,2192,2186,2156,2131,2052,1999,1948,1835,1702,1450,1282,1241,1299,1427,1635,1954,2327,2669,2931,3140,3259,3299,3270,3239,3170,3000,2774,2484,2203,1958,1746,1561,1390,1238,1114,960,826,755,778,865,961,1115,1293,1485,1630,1745,1866,1975,2042,2052,1971
8/16/2013 9:00,1130,1059,901,725,608,527,434,355,326,371,405,492,632,890,1171,1414,1698,1920,2115,2206,2178,2152,2113,2073,2066,1985,1938,1811,1625,1412,1229,1173,1246,1364,1563,1809,2107,2425,2777,3036,3155,3201,3174,3134,3095,2956,2681,2374,2049,1800,1598,1394,1244,1081,932,863,749,710,740,808,935,1143,1344,1597,1754,1909,2017,2090,2141,2118,2017,1861
8/16/2013 10:00,No Data,No Data,No Data,No Data,No Data,No Data,No Data,No Data,No Data,No Data,No Data,No Data,No Data,No Data,No Data,No Data,No Data,No Data,No Data,No Data,No Data,No Data,No Data,No Data,No Data,No Data,No Data,No Data,No Data,No Data,No Data,No Data,No Data,No Data,No Data,No Data,No Data,No Data,No Data,No Data,No Data,No Data,No Data,No Data,No Data,No Data,No Data,No Data,No Data,No Data,No Data,No Data,No Data,No Data,No Data,No Data,No Data,No Data,No Data,No Data,No Data,No Data,No Data,No Data,No Data,No Data,No Data,No Data,No Data,No Data,No Data,No Data
8/16/2013 11:00,934,812,681,582,452,377,325,354,378,468,601,818,1118,1408,1692,1919,2146,2225,2228,2211,2143,2070,2026,1992,1976,1834,1647,1429,1253,1177,1221,1334,1552,1800,2060,2416,2756,3025,3162,3194,3192,3176,3150,3040,2793,2468,2121,1842,1630,1451,1291,1134,1001,877,818,798,804,890,997,1173,1353,1581,1718,1859,1987,2065,2138,2145,2014,1862,1691,1539
8/16/2013 12:00,743,660,557,476,378,321,325,371,456,591,807,1085,1417,1689,1939,2112,2234,2234,2219,2176,2068,1989,1970,1925,1845,1632,1400,1235,1168,1206,1306,1517,1790,2083,2386,2758,3014,3161,3214,3195,3177,3162,3052,2803,2489,2148,1843,1634,1434,1294,1143,994,894,806,800,831,898,1003,1179,1372,1540,1710,1835,1946,2060,2150,2146,2047,1856,1701,1540,1388
8/16/2013 13:00,No Data,No Data,No Data,No Data,No Data,No Data,No Data,No Data,No Data,No Data,No Data,No Data,No Data,No Data,No Data,No Data,No Data,No Data,No Data,No Data,No Data,No Data,No Data,No Data,No Data,No Data,No Data,No Data,No Data,No Data,No Data,No Data,No Data,No Data,No Data,No Data,No Data,No Data,No Data,No Data,No Data,No Data,No Data,No Data,No Data,No Data,No Data,No Data,No Data,No Data,No Data,No Data,No Data,No Data,No Data,No Data,No Data,No Data,No Data,No Data,No Data,No Data,No Data,No Data,No Data,No Data,No Data,No Data,No Data,No Data,No Data,No Data
8/16/2013 14:00,484,439,391,352,344,378,444,580,789,1088,1379,1686,1972,2155,2241,2221,2232,2180,2094,2016,1952,1872,1795,1624,1413,1249,1196,1198,1296,1467,1754,2042,2457,2756,3002,3166,3197,3199,3179,3134,2981,2784,2475,2155,1863,1622,1411,1247,1098,986,878,799,779,798,920,1008,1173,1390,1585,1721,1830,1947,2015,2068,2137,2045,1891,1733,1569,1400,1243,1079
8/16/2013 15:00,417,383,343,385,411,477,571,790,1063,1397,1675,1955,2160,2238,2250,2223,2194,2094,2015,1952,1896,1772,1617,1406,1248,1196,1235,1290,1503,1776,2031,2404,2782,3019,3135,3213,3188,3173,3129,2997,2751,2457,2155,1863,1611,1401,1250,1096,957,863,788,774,788,875,1029,1173,1400,1585,1705,1824,1948,2033,2077,2054,2021,1878,1719,1539,1394,1270,1077,900
8/16/2013 16:00,416,389,358,419,489,612,787,1069,1395,1667,1935,2156,2257,2243,2258,2180,2107,2009,1953,1883,1780,1598,1399,1246,1169,1233,1360,1479,1766,2054,2404,2745,3034,3149,3192,3196,3147,3093,2941,2745,2443,2127,1866,1628,1395,1238,1102,954,839,774,759,794,863,996,1200,1370,1572,1705,1853,1948,2037,2090,2051,1941,1863,1716,1554,1387,1262,1115,913,738
8/16/2013 17:00,431,470,506,600,756,992,1213,1475,1718,1895,2103,2212,2233,2229,2227,2143,2131,2049,1967,1835,1687,1511,1370,1315,1318,1397,1594,1770,2084,2450,2774,3001,3141,3159,3126,3150,3067,2937,2683,2393,2112,1840,1627,1401,1198,1061,936,822,756,744,791,877,966,1157,1399,1576,1654,1828,1923,2040,2103,2080,1950,1829,1728,1576,1427,1233,1126,967,795,654
8/16/2013 18:00,450,493,588,720,950,1205,1450,1693,1921,2055,2195,2205,2227,2215,2201,2082,2070,1955,1832,1663,1498,1374,1302,1321,1391,1546,1826,2032,2412,2764,3026,3127,3180,3175,3122,3067,2926,2697,2386,2088,1839,1604,1418,1241,1049,928,838,770,751,781,877,960,1159,1339,1599,1694,1793,1945,2011,2089,2087,1974,1785,1676,1544,1423,1270,1082,956,799,661,564
8/16/2013 19:00,519,603,763,947,1224,1464,1695,1872,2091,2157,2197,2187,2192,2189,2143,2017,1971,1829,1643,1459,1363,1301,1305,1390,1541,1782,2083,2398,2745,3001,3147,3179,3190,3150,3069,2904,2657,2391,2057,1800,1596,1378,1219,1068,922,823,747,729,769,863,967,1164,1365,1574,1795,1896,1982,2113,2187,2171,2081,1891,1686,1560,1452,1322,1164,925,833,711,580,539
8/16/2013 20:00,536,711,942,1154,1431,1666,1884,2034,2174,2183,2197,2197,2184,2145,2091,1943,1845,1644,1451,1328,1290,1312,1378,1539,1786,2045,2421,2747,2989,3125,3198,3183,3165,3066,2930,2643,2371,2077,1816,1581,1397,1204,1057,929,832,757,734,758,865,1005,1190,1399,1593,1720,1929,2033,2092,2194,2206,2081,1895,1701,1525,1416,1297,1160,1005,786,681,579,546,646
8/16/2013 21:00,524,739,956,1154,1432,1679,1910,2029,2114,2106,2134,2076,2006,1936,1860,1717,1507,1327,1217,1207,1258,1349,1479,1670,1905,2131,2381,2572,2723,2844,2944,2905,2842,2698,2516,2216,2009,1757,1577,1364,1202,1024,903,823,797,825,836,889,1028,1247,1430,1687,1921,2109,2313,2317,2207,2022,1753,1464,1243,1098,998,940,907,843,783,717,703,737,947,1213
8/16/2013 22:00,711,955,1180,1420,1690,1928,2056,2091,2115,2092,2075,2001,1944,1864,1755,1504,1332,1216,1203,1242,1338,1480,1666,1891,2176,2368,2567,2735,2826,2923,2939,2834,2683,2491,2276,1971,1778,1546,1381,1175,1027,899,820,777,812,845,890,998,1236,1501,1710,1953,2168,2238,2293,2192,2005,1784,1492,1244,1097,1010,938,878,855,784,727,700,749,944,1214,1517
8/16/2013 23:00,1090,1299,1489,1733,1971,2112,2135,2129,2140,2080,2040,1959,1869,1786,1608,1332,1220,1201,1256,1343,1487,1685,1901,2148,2408,2581,2741,2873,2912,2931,2867,2694,2501,2254,2032,1755,1569,1374,1183,999,887,805,766,750,801,862,970,1172,1434,1709,1916,2134,2261,2184,2114,1921,1695,1437,1236,1083,992,928,859,801,745,694,672,732,898,1188,1486,1804
8/17/2013 0:00,1170,1445,1697,1929,2071,2152,2127,2112,2071,2022,1956,1849,1741,1611,1425,1274,1200,1244,1349,1490,1681,1915,2147,2361,2579,2725,2839,2940,2916,2885,2737,2501,2262,2015,1809,1529,1379,1172,1000,896,815,779,760,763,830,976,1185,1422,1712,1956,2146,2268,2215,2070,1902,1680,1435,1253,1121,992,923,866,825,750,708,688,744,918,1182,1492,1818,2137
8/17/2013 1:00,1490,1736,1922,2064,2153,2176,2119,2062,2012,1942,1831,1730,1583,1420,1304,1180,1238,1335,1494,1682,1902,2160,2360,2549,2726,2844,2914,2943,2883,2760,2524,2253,2002,1765,1591,1345,1181,988,874,829,810,778,780,808,943,1202,1430,1697,1958,2232,2273,2251,2117,1886,1664,1424,1253,1121,1019,937,867,814,772,717,688,748,915,1166,1493,1798,2130,2352
8/17/2013 2:00,1778,1943,2065,2135,2188,2157,2069,1993,1926,1827,1706,1564,1388,1287,1269,1208,1330,1482,1692,1907,2147,2372,2552,2711,2844,2906,2929,2891,2763,2549,2277,1996,1774,1549,1393,1157,1001,864,815,805,812,792,831,935,1162,1440,1693,1956,2183,2352,2277,2125,1925,1653,1416,1218,1117,1033,953,876,816,769,735,699,753,918,1177,1455,1798,2144,2355,2433
8/17/2013 3:00,1776,1971,2077,2108,2168,2101,1996,1910,1818,1706,1561,1380,1272,1247,1305,1287,1478,1672,1918,2156,2347,2559,2709,2827,2905,2917,2902,2775,2573,2307,2027,1777,1557,1365,1197,995,896,809,795,811,837,843,950,1151,1406,1667,1949,2185,2329,2344,2174,1956,1716,1467,1238,1110,1052,981,916,845,798,766,761,827,1014,1298,1600,1942,2247,2429,2460,2431
8/17/2013 4:00,1787,1989,2056,2084,2067,2005,1920,1779,1691,1553,1364,1263,1234,1283,1328,1446,1670,1895,2144,2368,2541,2715,2821,2903,2920,2885,2777,2574,2330,2057,1792,1557,1364,1168,1011,878,826,801,788,828,894,974,1164,1399,1675,1900,2145,2307,2301,2198,1983,1713,1469,1280,1101,1021,980,911,848,797,768,760,840,1014,1296,1604,1931,2252,2449,2484,2420,2341
8/17/2013 5:00,2161,2143,2102,2067,1993,1955,1878,1748,1634,1421,1289,1252,1293,1400,1530,1707,1966,2183,2391,2513,2633,2757,2837,2881,2828,2708,2490,2238,1996,1754,1533,1349,1170,985,863,796,833,880,884,948,1072,1240,1490,1720,1909,2117,2262,2281,2147,1977,1717,1456,1263,1126,1003,951,896,835,774,764,758,841,1028,1313,1628,1990,2294,2514,2552,2512,2386,2250
8/17/2013 6:00,2349,2223,2105,2072,1963,1904,1809,1632,1443,1308,1267,1304,1386,1552,1733,1933,2199,2375,2539,2635,2746,2856,2877,2818,2698,2477,2242,1990,1788,1560,1362,1170,991,851,817,839,889,907,931,1047,1259,1492,1719,1934,2156,2254,2251,2149,1940,1736,1466,1265,1132,1029,932,885,824,770,746,755,844,1033,1311,1628,1969,2313,2499,2550,2519,2432,2259,2095
8/17/2013 7:00,2349,2272,2078,2023,1905,1816,1656,1444,1320,1270,1284,1375,1536,1735,1926,2171,2383,2515,2643,2740,2833,2865,2815,2680,2479,2221,1998,1782,1594,1418,1184,991,853,801,835,900,911,938,1026,1242,1493,1700,1924,2113,2297,2244,2138,1941,1684,1462,1264,1133,1038,955,874,829,768,739,746,849,1033,1317,1637,1966,2312,2524,2554,2522,2424,2292,2093,1917
8/17/2013 8:00,2328,2227,2079,1949,1789,1660,1438,1310,1275,1301,1366,1527,1743,1976,2166,2377,2517,2642,2752,2833,2872,2812,2674,2446,2198,1982,1778,1596,1419,1207,999,857,801,833,878,941,979,1048,1223,1475,1687,1911,2097,2243,2279,2134,1956,1688,1427,1275,1139,1039,964,887,816,780,742,737,820,1047,1317,1632,1968,2285,2522,2582,2525,2442,2297,2139,1948,1739
8/17/2013 9:00,2197,2091,2039,1973,1827,1649,1485,1420,1463,1547,1726,2002,2322,2595,2800,2949,2951,2953,2961,2955,2905,2755,2527,2250,2021,1866,1739,1607,1380,1199,1043,1013,1063,1118,1158,1215,1307,1469,1691,1920,2098,2294,2386,2394,2340,2155,1915,1633,1429,1340,1254,1139,972,777,680,677,731,841,1042,1311,1618,1943,2285,2495,2565,2552,2429,2276,2097,1868,1645,1399
8/17/2013 10:00,2127,2083,1974,1832,1643,1513,1428,1457,1552,1737,1997,2319,2603,2836,2943,2968,2952,2966,2963,2921,2779,2516,2242,2025,1866,1731,1594,1420,1195,1055,1003,1064,1120,1154,1188,1313,1500,1704,1916,2088,2305,2404,2379,2315,2158,1896,1638,1432,1318,1253,1138,970,778,665,665,740,851,1042,1301,1612,1965,2288,2520,2565,2524,2438,2288,2092,1871,1653,1422,1176
8/17/2013 11:00,1999,1960,1822,1654,1506,1451,1481,1558,1748,1999,2314,2626,2835,2983,2988,2968,2961,2961,2918,2781,2541,2236,2012,1846,1729,1597,1383,1187,1039,1009,1056,1106,1143,1172,1279,1489,1730,1918,2084,2252,2406,2397,2293,2125,1892,1630,1450,1315,1236,1157,972,799,689,684,767,913,1111,1352,1672,2026,2329,2532,2586,2509,2384,2222,2010,1785,1564,1323,1127,920
8/17/2013 12:00,1955,1855,1682,1541,1491,1495,1569,1779,2027,2325,2606,2852,2965,3015,2981,2992,2985,2933,2788,2557,2278,2015,1840,1723,1592,1420,1211,1051,1025,1067,1130,1163,1190,1288,1479,1729,1957,2132,2276,2400,2410,2313,2132,1904,1662,1450,1331,1222,1119,972,810,711,682,770,926,1148,1391,1661,2023,2361,2534,2588,2519,2382,2212,1998,1772,1545,1320,1126,923,761
8/17/2013 13:00,1764,1629,1511,1449,1472,1545,1744,2016,2291,2623,2829,2963,2983,2998,2989,2966,2928,2792,2551,2286,2051,1836,1702,1561,1406,1218,1064,1008,1067,1124,1169,1185,1273,1466,1701,1950,2145,2316,2368,2393,2300,2139,1889,1657,1464,1325,1254,1122,948,797,705,698,762,902,1129,1399,1693,1998,2350,2567,2576,2545,2391,2212,2000,1782,1545,1320,1124,929,762,619
8/17/2013 14:00,1625,1508,1458,1466,1552,1724,1986,2301,2590,2838,2956,2986,2974,2982,2981,2923,2790,2556,2279,2094,1875,1734,1555,1388,1205,1059,1024,1045,1117,1158,1203,1277,1456,1692,1911,2137,2322,2410,2364,2284,2115,1907,1642,1464,1332,1239,1144,956,790,703,698,768,914,1129,1368,1702,2014,2322,2555,2622,2522,2412,2194,1998,1782,1560,1326,1129,929,768,625,493
8/17/2013 15:00,3288,2796,2693,2744,3091,3328,3996,4282,4629,5337,5108,5217,5024,5135,4839,4643,4164,3844,3374,3356,3145,2556,2218,1946,1726,1516,1569,1656,1723,1867,1962,2025,2442,2791,3129,3273,3536,3578,3538,3712,3385,2986,2718,2574,2448,2251,2007,1540,1348,1390,1513,1739,2115,2579,2992,3603,4395,4602,4866,4534,4138,3808,3283,3135,2766,2388,2171,1841,1545,1291,1035,814
8/17/2013 16:00,1494,1525,1609,1766,2007,2300,2602,2848,2966,3011,2976,2980,2976,2931,2785,2560,2299,2072,1899,1796,1589,1393,1198,1062,1006,1044,1105,1147,1181,1274,1457,1676,1889,2092,2263,2412,2400,2277,2081,1861,1637,1447,1322,1255,1140,973,787,697,701,787,935,1129,1380,1688,1992,2324,2539,2589,2533,2395,2255,2019,1781,1577,1352,1158,951,782,628,496,388,274
8/17/2013 17:00,1547,1581,1742,1961,2290,2614,2829,2966,3002,2976,2941,2942,2931,2823,2628,2378,2174,1994,1854,1697,1464,1237,1074,1020,1027,1097,1147,1195,1266,1414,1590,1814,2023,2238,2380,2404,2320,2152,1950,1763,1608,1543,1460,1301,1067,823,714,705,784,937,1131,1379,1665,2007,2312,2504,2553,2491,2369,2179,1998,1754,1524,1306,1117,930,758,526,436,368,252,164
8/17/2013 18:00,1571,1684,1950,2255,2599,2846,2946,2995,2971,2961,2933,2909,2808,2626,2386,2179,1992,1860,1680,1493,1243,1076,1018,1047,1078,1147,1196,1273,1407,1603,1806,2033,2242,2370,2409,2311,2143,1979,1755,1592,1503,1476,1297,1067,823,722,714,776,938,1153,1396,1684,2011,2330,2523,2547,2480,2371,2182,1964,1759,1536,1302,1113,929,758,608,410,325,225,165,102
8/17/2013 19:00,1741,1915,2246,2575,2852,2963,2987,2969,2958,2973,2926,2796,2614,2386,2159,1992,1825,1670,1477,1257,1076,1008,1047,1098,1139,1182,1260,1406,1598,1814,2030,2245,2374,2411,2319,2144,1951,1783,1593,1495,1437,1313,1071,818,722,716,788,926,1150,1428,1702,2040,2338,2537,2574,2489,2360,2196,1959,1742,1518,1315,1101,925,756,609,483,299,225,151,109,76
8/17/2013 20:00,1995,2259,2604,2863,2993,3013,2990,2982,2985,2963,2822,2611,2380,2177,1994,1831,1633,1466,1252,1082,1021,1051,1101,1152,1184,1263,1408,1581,1815,2031,2252,2377,2399,2320,2156,1948,1756,1616,1514,1431,1274,1100,826,711,716,802,932,1137,1436,1737,2062,2377,2557,2573,2489,2366,2178,1972,1728,1533,1291,1106,921,755,606,481,369,207,149,97,77,69
8/17/2013 21:00,2212,2519,2769,2920,2943,2911,2909,2884,2845,2759,2550,2320,2122,1998,1875,1707,1514,1321,1156,1070,1113,1174,1246,1317,1421,1624,1856,2074,2232,2376,2438,2393,2282,2130,1922,1698,1558,1504,1456,1310,1105,851,712,675,759,901,1124,1410,1747,2133,2437,2637,2690,2683,2596,2389,2091,1787,1456,1136,878,681,604,498,395,311,221,113,91,66,75,76
8/17/2013 22:00,2562,2794,2916,2946,2919,2914,2912,2846,2729,2552,2326,2119,1987,1885,1739,1513,1316,1158,1079,1120,1174,1250,1333,1431,1609,1833,2062,2231,2358,2434,2414,2290,2111,1922,1714,1552,1476,1474,1322,1100,845,717,692,746,896,1117,1390,1726,2145,2484,2655,2732,2703,2597,2393,2089,1778,1469,1135,870,688,551,504,397,310,219,114,80,65,62,77,84
8/17/2013 23:00,2871,3005,2973,2956,2945,2944,2887,2719,2519,2302,2109,1974,1877,1727,1529,1311,1146,1071,1098,1164,1234,1319,1441,1607,1832,2037,2214,2348,2414,2416,2297,2112,1898,1705,1558,1474,1476,1290,1063,805,687,659,717,837,1056,1320,1598,2026,2426,2672,2725,2755,2640,2421,2120,1800,1496,1184,909,700,571,460,411,347,266,187,81,65,63,70,90,99
8/18/2013 0:00,2883,2951,2890,2872,2851,2831,2699,2473,2271,2093,1970,1875,1744,1535,1310,1153,1075,1101,1168,1251,1321,1445,1636,1852,2081,2228,2359,2432,2427,2310,2140,1924,1713,1577,1502,1452,1303,1057,797,684,675,743,839,1042,1319,1623,2003,2414,2685,2782,2754,2678,2435,2117,1784,1451,1156,880,698,571,453,360,318,240,183,121,64,60,69,75,103,113
8/18/2013 1:00,2962,2931,2869,2860,2812,2713,2485,2260,2080,1962,1871,1745,1550,1310,1154,1065,1093,1168,1258,1334,1444,1636,1877,2075,2247,2359,2428,2424,2319,2134,1935,1719,1572,1506,1468,1282,1061,808,684,673,734,868,1044,1311,1610,1989,2373,2649,2785,2792,2676,2460,2123,1777,1461,1123,883,698,604,461,362,282,243,151,122,86,62,67,75,88,115,118
8/18/2013 2:00,2891,2857,2852,2817,2696,2509,2278,2081,1941,1861,1739,1552,1318,1135,1064,1083,1142,1239,1347,1458,1647,1877,2094,2241,2368,2433,2431,2317,2148,1939,1728,1581,1506,1476,1313,1065,801,696,683,745,860,1057,1312,1609,1984,2343,2616,2724,2803,2711,2462,2140,1773,1449,1131,870,699,604,495,362,257,212,134,100,88,83,70,74,88,101,129,135
8/18/2013 3:00,2709,2715,2725,2635,2446,2233,2061,1914,1840,1715,1537,1312,1141,1059,1078,1145,1222,1335,1490,1692,1939,2166,2289,2402,2462,2478,2360,2182,1978,1767,1613,1529,1501,1334,1111,815,715,701,746,879,1059,1318,1624,1985,2320,2573,2723,2756,2710,2491,2151,1791,1447,1132,899,687,557,494,395,262,183,145,85,60,81,88,87,92,106,132,153,172
8/18/2013 4:00,2767,2729,2618,2443,2220,2018,1905,1786,1677,1507,1290,1127,1052,1063,1121,1225,1308,1457,1700,1962,2182,2322,2405,2457,2455,2365,2195,1984,1778,1621,1532,1503,1334,1100,828,715,706,756,862,1077,1333,1622,1982,2327,2547,2669,2756,2674,2482,2171,1796,1444,1123,895,711,555,439,394,316,189,127,98,62,69,86,95,101,107,129,148,180,199
8/18/2013 5:00,2718,2605,2400,2179,1975,1819,1722,1598,1439,1232,1080,1010,1005,1056,1132,1265,1385,1634,1909,2133,2310,2391,2438,2433,2358,2230,2054,1839,1704,1616,1567,1512,1385,1197,1057,1023,1105,1180,1353,1593,1877,2226,2503,2693,2741,2753,2714,2490,2184,1832,1494,1140,895,723,603,452,354,333,249,132,98,82,56,74,92,105,119,123,140,168,203,211
8/18/2013 6:00,2662,2446,2193,1988,1840,1730,1611,1433,1232,1087,1009,1009,1056,1128,1225,1427,1616,1914,2135,2335,2411,2454,2457,2379,2232,2053,1867,1705,1622,1579,1511,1383,1204,1064,1015,1093,1210,1379,1600,1858,2201,2531,2684,2759,2734,2671,2452,2168,1826,1479,1141,894,715,594,485,353,271,248,171,99,71,80,83,80,103,116,132,140,165,192,222,222
8/18/2013 7:00,2453,2169,1919,1819,1715,1588,1428,1224,1084,1012,1010,1057,1122,1232,1380,1661,1896,2149,2286,2443,2468,2451,2377,2223,2043,1863,1730,1621,1582,1519,1380,1208,1075,1028,1082,1232,1401,1616,1862,2193,2498,2677,2748,2756,2657,2460,2147,1801,1448,1151,895,716,588,479,352,271,194,152,111,71,69,83,90,93,117,133,146,164,185,209,233,224
8/18/2013 8:00,2134,1926,1765,1709,1593,1422,1214,1085,1015,1016,1062,1133,1210,1373,1618,1936,2120,2317,2413,2484,2460,2375,2229,2031,1858,1724,1646,1580,1517,1387,1196,1070,1025,1102,1225,1419,1648,1869,2202,2510,2677,2740,2743,2661,2460,2141,1800,1452,1120,870,715,587,475,379,270,194,133,102,82,69,73,91,104,105,126,146,176,188,199,218,235,228
8/18/2013 9:00,1636,1533,1467,1372,1210,984,825,789,807,832,892,961,1091,1302,1595,1848,2047,2250,2360,2381,2312,2186,2047,1913,1824,1772,1767,1725,1587,1439,1358,1421,1628,1845,2071,2313,2546,2758,2944,3051,3047,3012,2877,2709,2469,2094,1714,1304,996,804,724,611,489,375,255,185,132,119,103,87,82,93,97,99,129,158,193,202,213,240,257,248
8/18/2013 10:00,1569,1498,1370,1202,995,826,772,807,844,890,959,1093,1296,1556,1852,2083,2242,2372,2368,2311,2187,2061,1916,1812,1764,1755,1725,1589,1431,1360,1421,1628,1843,2081,2324,2551,2740,2906,3051,3078,3003,2897,2713,2451,2125,1708,1294,999,803,684,584,491,376,255,184,133,104,103,94,84,85,100,107,122,160,185,217,215,229,246,247,239
8/18/2013 11:00,1614,1428,1245,1020,849,757,767,810,873,920,1066,1280,1522,1793,2044,2251,2345,2369,2270,2160,2036,1905,1816,1765,1752,1707,1598,1428,1357,1435,1627,1848,2084,2335,2570,2735,2882,2994,3062,3031,2903,2715,2467,2137,1727,1282,978,759,664,551,450,365,263,181,131,104,90,94,92,88,92,110,127,164,200,216,229,226,232,249,238,225
8/18/2013 12:00,1460,1226,1002,822,743,745,804,855,939,1027,1255,1518,1765,2024,2200,2354,2349,2280,2118,2012,1890,1798,1770,1759,1725,1617,1463,1387,1469,1677,1892,2131,2384,2599,2756,2877,2969,3017,3021,2913,2691,2459,2133,1765,1308,980,777,636,554,434,337,258,185,128,104,91,86,94,96,100,110,131,155,197,227,230,241,234,237,242,227,202
8/18/2013 13:00,1212,1010,835,744,738,778,856,917,1060,1262,1518,1795,2000,2193,2343,2369,2276,2133,1983,1890,1795,1756,1771,1715,1620,1463,1390,1469,1665,1892,2123,2378,2589,2758,2902,2963,2999,2986,2882,2715,2431,2101,1751,1351,999,777,653,524,432,333,232,184,131,104,92,87,86,96,100,114,131,165,188,226,229,242,246,236,211,239,203,181
8/18/2013 14:00,1007,869,769,759,778,830,917,1058,1259,1529,1772,2017,2180,2311,2356,2280,2129,1990,1867,1792,1753,1755,1732,1602,1445,1390,1470,1665,1879,2131,2384,2594,2769,2884,3007,2993,2974,2897,2689,2448,2081,1712,1332,1031,789,655,537,410,324,230,164,131,103,93,96,87,96,100,114,133,164,197,215,229,244,251,235,215,202,215,182,162
8/18/2013 15:00,861,816,823,847,867,910,1039,1275,1552,1799,2031,2200,2315,2368,2299,2144,2007,1875,1782,1758,1753,1708,1610,1437,1377,1468,1666,1876,2087,2344,2595,2757,2903,2974,3020,2961,2889,2711,2438,2077,1676,1279,969,817,642,522,403,291,212,153,109,88,79,81,90,83,92,102,118,150,186,210,211,230,239,217,203,197,176,180,162,143
8/18/2013 16:00,820,817,867,878,915,1016,1286,1577,1861,2066,2213,2325,2349,2315,2184,1993,1875,1761,1729,1752,1712,1598,1451,1364,1457,1666,1884,2115,2320,2568,2770,2899,2969,2999,2974,2879,2704,2456,2088,1691,1263,968,763,671,526,406,297,205,142,108,82,79,81,82,92,87,101,116,149,181,211,223,228,225,225,210,207,179,160,160,141,128
8/18/2013 17:00,882,877,883,885,996,1230,1521,1858,2108,2266,2353,2376,2291,2195,2048,1868,1778,1737,1714,1652,1578,1447,1397,1470,1704,1934,2177,2411,2564,2760,2937,3010,3019,3000,2955,2826,2613,2265,1911,1452,1137,916,800,631,448,294,204,142,106,84,76,79,81,82,93,98,114,146,177,201,213,229,227,222,231,213,186,160,139,147,128,116
8/18/2013 18:00,888,898,900,972,1248,1514,1841,2112,2277,2381,2383,2304,2159,2032,1904,1767,1727,1706,1651,1541,1436,1395,1488,1687,1947,2190,2418,2610,2749,2920,3020,3029,2996,2949,2827,2610,2257,1899,1487,1144,920,785,630,450,297,206,147,104,83,76,74,81,82,88,102,110,138,177,203,214,227,224,233,218,224,206,169,141,128,132,116,109
8/18/2013 19:00,891,922,981,1207,1531,1850,2108,2306,2406,2399,2310,2165,1986,1886,1804,1717,1696,1641,1529,1414,1380,1482,1706,1918,2196,2459,2629,2806,2911,3006,3043,3003,2936,2819,2587,2274,1905,1479,1172,928,792,622,455,299,208,146,107,84,75,74,75,83,88,97,113,138,164,200,214,228,222,230,229,212,207,189,144,123,112,111,110,126
8/18/2013 20:00,886,1010,1193,1520,1852,2129,2302,2416,2416,2315,2133,2007,1876,1805,1766,1682,1634,1529,1411,1370,1470,1694,1937,2166,2455,2658,2810,2958,3004,3034,3010,2944,2815,2607,2274,1909,1487,1163,952,791,620,463,302,210,147,108,88,74,73,76,83,89,97,109,136,164,186,213,227,235,228,226,220,208,186,166,147,122,110,101,128,167
8/18/2013 21:00,1010,1225,1488,1862,2192,2402,2529,2565,2473,2367,2215,2101,2003,1952,1852,1725,1547,1380,1306,1354,1493,1688,1965,2259,2573,2722,2855,2931,2890,2864,2793,2651,2409,2098,1752,1397,1116,943,840,661,507,336,229,161,115,93,83,77,76,76,88,98,117,155,183,210,220,247,259,268,252,235,208,186,162,144,130,108,107,129,171,236
8/18/2013 22:00,1260,1547,1846,2193,2422,2541,2538,2498,2366,2229,2102,2004,1932,1882,1752,1553,1381,1298,1333,1499,1692,1947,2265,2530,2761,2878,2923,2894,2860,2794,2652,2413,2099,1762,1396,1128,935,826,690,505,336,234,168,118,93,84,79,76,75,84,97,124,161,183,211,221,233,259,273,263,235,204,184,166,143,129,128,107,128,161,233,294
8/18/2013 23:00,1729,2002,2248,2506,2594,2603,2489,2379,2247,2141,2014,1930,1860,1783,1626,1400,1306,1328,1484,1686,1942,2222,2522,2710,2900,2938,2921,2853,2760,2634,2394,2084,1745,1394,1122,943,824,670,526,339,238,165,116,93,86,83,80,78,86,96,127,174,193,207,221,237,244,273,269,248,208,177,164,147,129,122,125,130,159,217,295,344
8/19/2013 0:00,2141,2333,2537,2649,2633,2544,2366,2240,2127,2024,1924,1856,1740,1597,1416,1319,1328,1473,1688,1958,2228,2487,2719,2870,2935,2950,2884,2771,2598,2390,2081,1749,1394,1133,946,828,672,508,357,240,167,120,92,82,83,80,78,86,95,116,174,209,219,220,235,245,257,270,252,216,186,163,146,135,121,122,148,160,216,294,347,387
8/19/2013 1:00,2504,2604,2690,2681,2550,2408,2225,2133,2029,1942,1863,1755,1583,1424,1304,1330,1479,1691,1962,2255,2474,2675,2878,2902,2945,2900,2798,2607,2351,2051,1737,1402,1132,959,829,672,510,337,246,174,119,95,81,84,78,79,89,95,118,166,209,237,229,235,243,258,254,252,220,194,163,141,134,123,119,141,171,216,270,346,387,431
8/19/2013 2:00,2568,2647,2679,2564,2423,2255,2100,2039,1951,1885,1762,1629,1400,1333,1326,1477,1692,1961,2251,2528,2663,2820,2922,2915,2896,2806,2630,2351,2056,1746,1393,1133,959,845,672,507,338,245,169,120,95,84,80,83,77,84,97,118,166,197,238,244,227,243,253,255,250,220,195,171,141,127,125,120,136,173,231,271,315,364,405,468
8/19/2013 3:00,2568,2647,2679,2564,2423,2255,2100,2039,1951,1885,1762,1629,1400,1333,1326,1477,1692,1961,2251,2528,2663,2820,2922,2915,2896,2806,2630,2351,2056,1746,1393,1133,959,845,672,507,338,245,169,120,95,84,80,83,77,84,97,118,166,197,238,244,227,243,253,255,250,220,195,171,141,127,125,120,136,173,231,271,315,364,405,468
8/19/2013 4:00,2687,2602,2431,2262,2137,2022,1924,1853,1729,1563,1389,1263,1288,1442,1628,1967,2259,2534,2764,2867,2910,2918,2885,2784,2623,2343,2045,1688,1353,1107,935,827,673,513,323,223,159,112,88,79,77,76,75,85,92,116,172,202,221,225,248,256,268,257,237,219,192,167,147,134,120,108,131,164,222,283,357,360,390,472,522,536
8/19/2013 5:00,2631,2526,2352,2139,1987,1914,1769,1654,1467,1246,1133,1149,1310,1533,1785,2172,2425,2634,2819,2884,2861,2826,2727,2507,2222,1915,1587,1261,1010,847,753,651,536,395,263,174,125,102,90,85,79,73,78,93,120,163,209,226,216,236,252,264,247,239,211,193,171,147,133,117,109,122,159,222,280,332,356,390,432,521,543,541
8/19/2013 6:00,2596,2402,2203,2019,1934,1806,1679,1485,1255,1142,1163,1336,1530,1809,2111,2475,2640,2812,2926,2906,2824,2731,2533,2236,1899,1565,1252,1006,843,742,655,538,398,266,173,126,101,89,85,80,74,78,92,116,176,198,238,220,230,239,258,263,231,212,183,170,149,133,119,104,124,153,216,280,326,373,396,433,476,541,551,526
8/19/2013 7:00,2483,2270,2060,1977,1839,1689,1485,1257,1133,1165,1336,1556,1814,2134,2401,2680,2813,2918,2953,2868,2726,2529,2251,1919,1552,1240,984,842,738,650,541,400,266,174,126,104,88,85,80,79,80,97,123,155,214,224,235,230,230,241,245,226,203,187,163,148,136,117,112,119,155,206,273,326,366,424,442,476,494,547,526,525
8/19/2013 8:00,2304,2081,1969,1854,1721,1498,1263,1138,1167,1338,1551,1833,2138,2442,2640,2853,2909,2939,2885,2759,2533,2256,1937,1572,1227,962,821,738,641,537,400,268,177,122,98,87,84,79,74,86,94,125,169,185,230,232,235,232,233,234,204,198,176,165,148,136,120,114,129,150,210,260,316,366,416,471,497,507,516,494,499,534
8/19/2013 9:00,2061,1897,1753,1662,1463,1275,1148,1144,1252,1429,1700,2058,2393,2631,2811,2930,2948,2902,2784,2614,2386,2076,1725,1337,1033,861,744,634,519,386,258,172,122,95,80,76,73,72,75,96,122,164,187,180,208,207,223,226,213,199,175,176,160,147,132,120,110,122,163,204,261,301,353,410,472,549,593,639,707,747,742,710
8/19/2013 10:00,1888,1755,1605,1466,1271,1155,1145,1252,1429,1696,2070,2393,2643,2819,2927,2944,2901,2794,2611,2350,2080,1716,1347,1043,842,738,634,518,381,258,169,122,96,81,76,73,73,75,88,123,165,198,199,192,222,224,239,225,201,176,152,155,142,133,122,112,123,163,224,251,303,336,394,471,539,614,678,707,748,731,710,617
8/19/2013 11:00,1744,1611,1442,1280,1139,1165,1259,1455,1709,2079,2425,2644,2827,2935,2945,2903,2800,2634,2398,2088,1728,1363,1066,881,735,637,517,389,261,169,120,96,81,75,70,69,73,86,109,153,198,213,209,204,214,235,241,215,174,155,135,136,126,117,112,127,163,229,261,303,344,379,444,552,608,682,749,751,729,660,624,542
8/19/2013 12:00,1657,1484,1301,1185,1160,1277,1425,1716,2066,2399,2655,2809,2881,2948,2878,2792,2639,2406,2069,1732,1365,1069,878,754,638,514,387,260,169,120,95,82,75,71,70,73,87,113,153,189,216,223,208,223,227,238,225,189,153,138,120,124,110,106,126,165,230,282,306,349,387,425,509,615,657,746,765,733,686,605,570,467
8/19/2013 13:00,1525,1310,1189,1201,1275,1434,1706,2066,2419,2652,2823,2905,2904,2888,2781,2646,2414,2098,1719,1353,1067,878,754,642,518,382,262,168,119,96,82,76,71,70,73,86,113,161,187,206,224,222,230,237,230,227,201,165,137,125,111,111,99,121,171,230,269,327,339,389,434,495,569,666,738,787,768,693,616,541,492,442
8/19/2013 14:00,1359,1230,1194,1288,1474,1742,2065,2411,2668,2845,2916,2935,2857,2766,2617,2422,2071,1744,1355,1047,875,754,642,518,390,256,170,118,96,82,76,71,70,73,85,110,161,198,202,212,237,224,245,241,220,203,169,148,125,113,100,97,105,163,239,286,323,363,382,437,492,555,647,738,787,763,721,640,578,501,466,477
8/19/2013 15:00,1259,1244,1319,1510,1776,2105,2402,2677,2858,2952,2947,2893,2779,2599,2393,2079,1714,1376,1072,883,748,632,511,385,262,169,118,95,83,76,70,69,75,84,108,152,199,201,207,223,236,233,244,236,196,178,151,132,115,100,90,112,144,237,305,333,362,403,430,510,549,608,730,777,755,714,646,567,486,457,496,584
8/19/2013 16:00,1238,1314,1478,1747,2114,2462,2682,2850,2967,2986,2901,2806,2610,2365,2079,1720,1347,1070,880,747,632,511,382,262,169,117,96,83,77,72,69,74,85,108,152,188,217,207,221,233,248,236,233,198,171,159,132,118,102,91,106,151,201,297,358,386,429,457,518,586,595,709,770,762,705,643,576,463,433,459,553,673
8/19/2013 17:00,1214,1360,1668,2090,2396,2651,2818,2922,2944,2903,2767,2575,2308,1978,1692,1309,1032,850,728,618,518,384,263,174,122,97,85,79,73,71,74,85,105,137,167,183,196,186,196,205,200,186,168,148,142,137,118,106,100,111,143,206,267,355,400,441,486,542,581,638,704,764,756,725,637,576,498,444,486,577,693,869
8/19/2013 18:00,1373,1644,2036,2425,2647,2835,2905,2933,2893,2779,2580,2316,1989,1655,1325,1022,839,699,621,490,384,265,170,123,99,84,80,73,72,78,85,102,137,169,186,186,202,195,209,203,192,172,163,141,142,120,104,102,113,144,195,254,317,392,447,494,569,610,648,706,761,749,711,654,576,498,464,491,570,713,844,1033
8/19/2013 19:00,1699,2084,2402,2687,2836,2927,2929,2863,2778,2581,2338,2005,1650,1297,1026,836,711,610,504,366,265,172,122,100,85,79,74,73,79,90,102,138,168,186,189,193,209,209,209,199,170,161,154,129,122,110,102,114,143,196,245,296,355,426,502,571,627,667,710,753,746,704,644,585,499,463,502,584,678,860,1018,1205
8/19/2013 20:00,2211,2546,2730,2916,2954,2952,2877,2765,2583,2320,2028,1642,1287,1014,825,714,610,492,369,252,173,122,100,84,79,74,74,79,89,106,138,168,183,189,194,201,225,208,204,175,163,157,145,116,109,109,113,153,202,246,287,360,395,488,579,629,678,727,758,762,705,643,589,504,461,503,609,695,861,1034,1175,1436
8/19/2013 21:00,2678,2892,2952,3005,2981,2906,2764,2563,2281,1943,1626,1285,1046,865,747,660,543,401,285,183,133,106,96,92,88,84,85,96,114,159,193,212,202,206,210,219,224,203,181,165,159,155,136,113,113,131,161,227,271,322,335,408,457,555,646,628,627,634,620,640,611,555,484,470,476,520,567,615,722,823,969,1163
8/19/2013 22:00,2898,3033,3021,3002,2920,2774,2543,2244,1920,1591,1304,1050,901,769,668,567,430,297,199,136,106,96,96,94,89,87,94,121,171,217,229,212,204,208,214,212,213,183,173,164,150,137,115,116,144,181,238,297,336,353,383,470,501,583,604,532,535,524,521,556,498,448,449,461,498,536,570,611,660,750,853,1064
8/19/2013 23:00,2940,3034,2998,2914,2800,2566,2247,1919,1604,1296,1075,894,793,674,577,431,303,200,138,103,96,95,92,89,87,94,121,169,208,229,208,204,205,213,213,203,190,175,170,157,133,121,114,137,180,248,287,322,345,366,399,485,541,564,544,525,541,605,539,521,433,418,450,491,531,585,647,725,776,875,1016,1274
8/20/2013 0:00,2929,2947,2858,2731,2536,2185,1869,1579,1280,1046,877,754,672,563,436,309,197,138,109,95,94,93,88,88,92,114,164,211,228,209,199,202,212,212,201,184,181,169,159,137,121,117,138,182,250,307,332,353,372,390,428,457,536,500,511,523,534,561,518,469,409,409,454,518,573,637,707,788,881,1042,1314,1583
8/20/2013 1:00,2956,2892,2756,2508,2201,1851,1553,1282,1043,863,766,653,574,439,313,197,137,108,99,94,91,88,87,92,114,150,209,240,209,201,201,210,213,204,180,175,183,159,139,121,120,141,181,223,314,352,363,381,394,413,406,441,474,492,542,522,533,513,473,450,411,429,472,571,625,703,786,901,1054,1303,1599,1928
8/20/2013 2:00,2800,2708,2503,2142,1844,1523,1259,1053,859,740,653,553,437,308,205,138,109,100,96,92,87,87,93,114,151,179,220,201,193,202,210,210,202,179,172,174,172,139,124,120,142,187,246,271,348,388,396,407,412,408,396,439,384,494,544,514,509,449,453,408,429,452,510,632,681,784,913,1104,1297,1592,1924,2213
8/20/2013 3:00,2741,2536,2225,1832,1555,1256,1043,877,744,644,564,433,317,217,146,109,100,99,92,89,87,92,116,151,179,190,193,194,193,211,213,206,179,172,166,164,154,126,125,146,192,266,307,310,369,405,425,428,408,393,370,373,380,503,496,489,466,435,426,420,446,489,557,636,730,912,1099,1361,1577,1918,2223,2513
8/20/2013 4:00,2570,2250,1867,1513,1243,1012,856,743,646,557,442,309,211,149,108,100,97,92,87,87,92,117,156,179,188,174,186,184,203,206,206,183,174,165,155,148,141,126,150,194,258,312,348,369,399,445,455,436,402,399,331,352,388,479,472,452,447,437,448,383,451,525,589,675,808,1077,1359,1637,1901,2218,2519,2780
8/20/2013 5:00,2240,1881,1546,1255,1024,876,753,651,547,420,296,193,130,108,100,99,93,87,87,94,120,165,213,217,197,208,205,198,206,204,191,171,148,123,108,96,107,133,191,268,306,322,343,350,421,494,458,426,376,339,321,347,361,456,429,427,429,456,437,384,414,484,583,767,976,1271,1594,1867,2127,2459,2773,3047
8/20/2013 6:00,1968,1592,1300,1045,868,771,658,551,422,303,198,132,107,101,103,96,90,88,94,122,164,203,233,198,194,201,197,190,195,181,163,151,126,106,98,103,133,189,271,305,336,330,375,400,460,503,453,411,380,338,340,349,344,400,401,419,460,456,420,392,409,564,734,974,1243,1568,1876,2169,2450,2774,3050,3250
8/20/2013 7:00,1498,1211,986,834,729,647,538,418,292,195,134,112,99,101,98,88,82,93,122,158,202,220,211,195,188,185,189,181,173,162,143,127,110,92,105,135,191,271,304,337,343,388,428,423,467,471,423,376,359,359,348,336,321,396,378,413,453,434,407,428,496,700,946,1241,1513,1848,2167,2465,2755,3044,3255,3370
8/20/2013 8:00,1186,971,825,734,631,544,418,295,191,131,109,106,99,99,93,87,95,121,170,195,220,197,194,190,186,178,180,160,155,141,121,102,98,100,135,194,273,320,341,350,385,445,497,408,468,431,415,386,381,360,333,316,313,337,408,407,447,447,430,517,640,827,1209,1501,1796,2167,2467,2760,3032,3249,3371,3406
8/20/2013 9:00,1183,1029,890,786,641,496,326,211,135,104,97,93,86,89,95,105,129,182,214,245,240,239,217,206,185,168,152,134,128,113,103,102,125,172,251,338,399,431,430,472,501,564,565,432,475,442,439,402,391,348,305,289,287,336,387,431,435,435,376,484,536,605,839,982,1257,1560,1841,2208,2527,2692,2710,2683
8/20/2013 10:00,1021,893,761,653,491,330,208,133,104,97,95,87,82,96,106,130,186,205,245,250,236,217,206,185,169,145,131,119,112,101,101,122,172,244,339,403,441,450,468,518,553,554,487,407,415,434,414,396,372,317,290,287,318,314,412,447,462,462,410,480,635,780,963,1254,1564,1890,2189,2496,2674,2693,2668,2618
8/20/2013 11:00,1021,893,761,653,491,330,208,133,104,97,95,87,82,96,106,130,186,205,245,250,236,217,206,185,169,145,131,119,112,101,101,122,172,244,339,403,441,450,468,518,553,554,487,407,415,434,414,396,372,317,290,287,318,314,412,447,462,462,410,480,635,780,963,1254,1564,1890,2189,2496,2674,2693,2668,2618
8/20/2013 12:00,784,652,483,341,221,130,102,95,93,88,82,84,95,130,180,228,253,244,236,217,205,179,164,143,131,117,102,92,99,117,161,231,312,384,429,461,510,551,552,541,525,479,416,418,419,440,410,337,309,320,285,306,360,353,463,496,546,616,696,789,892,1103,1510,1889,2227,2523,2689,2694,2611,2571,2486,2400
8/20/2013 13:00,623,496,327,238,154,116,113,105,102,98,99,110,131,170,201,227,217,202,182,166,144,131,105,92,76,60,50,56,93,138,197,243,266,272,249,233,207,168,131,98,73,51,44,39,38,35,34,34,29,30,30,27,25,30,64,111,197,274,392,469,665,1014,1394,1846,2268,2554,2638,2595,2544,2505,2415,2325
8/20/2013 14:00,516,362,235,158,120,112,103,101,100,101,111,132,173,206,246,227,214,179,165,142,132,106,90,75,60,50,55,92,137,192,241,265,265,259,230,210,170,137,97,74,53,47,38,38,35,34,33,30,30,27,26,25,30,75,121,185,259,348,475,690,1007,1411,1841,2290,2572,2650,2582,2546,2467,2404,2320,2328
8/20/2013 15:00,355,237,150,113,109,103,100,97,100,111,132,172,205,231,233,211,189,164,142,135,106,92,75,58,49,56,90,137,188,235,261,263,249,233,208,169,138,104,73,53,46,38,38,34,33,32,28,28,27,22,23,34,75,137,209,240,328,418,632,964,1319,1766,2207,2543,2642,2594,2531,2451,2351,2285,2290,2324
8/20/2013 16:00,242,155,123,108,103,101,98,102,113,132,174,203,223,231,221,187,174,140,130,104,91,75,59,48,57,90,132,188,236,258,261,248,228,209,170,136,103,77,53,46,37,39,33,33,32,28,27,27,21,24,32,76,147,262,309,304,430,586,966,1369,1800,2238,2534,2654,2606,2553,2441,2339,2275,2287,2317,2343
8/20/2013 17:00,166,124,114,104,106,112,114,120,141,180,209,220,211,220,190,156,144,125,104,92,79,65,56,67,101,149,212,260,308,301,282,262,241,233,205,157,104,66,45,33,34,35,31,33,29,29,28,23,22,33,52,89,133,185,252,321,527,802,1310,1822,2305,2603,2679,2633,2593,2525,2408,2394,2428,2526,2575,2601
8/20/2013 18:00,127,110,110,107,111,119,124,144,185,213,225,213,211,199,173,143,124,103,93,79,63,56,68,101,150,212,267,291,303,280,260,239,225,201,154,103,66,45,33,34,33,31,33,28,30,27,23,22,33,53,86,131,186,253,337,508,853,1240,1767,2329,2649,2697,2644,2599,2530,2442,2365,2416,2482,2562,2584,2592
8/20/2013 19:00,105,107,115,110,124,137,155,210,243,242,226,218,197,178,160,133,107,94,78,62,49,58,86,135,201,257,286,275,285,265,248,232,206,167,107,73,45,37,32,31,28,34,31,35,35,29,27,36,54,85,124,170,243,332,559,852,1333,1781,2277,2656,2736,2735,2743,2666,2513,2443,2434,2549,2616,2666,2667,2654
8/20/2013 20:00,112,111,111,117,135,152,200,224,242,224,220,200,188,157,133,108,94,78,61,48,57,86,133,199,258,285,282,279,263,246,232,203,166,105,71,46,35,36,32,28,32,33,35,35,31,27,36,54,86,125,170,235,326,562,921,1300,1836,2278,2624,2744,2746,2722,2669,2517,2442,2460,2531,2614,2632,2653,2640,2637
8/20/2013 21:00,109,108,114,125,157,193,227,226,214,204,191,176,152,121,101,87,75,55,40,37,57,97,155,219,253,253,235,234,222,219,203,163,109,62,40,26,23,27,26,27,26,31,29,22,22,30,70,130,181,180,151,153,256,394,543,670,999,1419,1934,2501,2904,3138,3283,3368,3411,3408,3367,3327,3242,3195,3179,3179
8/20/2013 22:00,112,114,125,151,193,227,228,210,206,188,174,150,127,100,86,73,55,40,37,56,95,157,217,247,254,231,224,223,219,200,163,109,61,38,23,21,28,28,28,27,29,28,25,22,31,69,130,174,172,149,151,248,385,549,712,1015,1403,1923,2477,2892,3143,3293,3388,3404,3411,3384,3317,3240,3159,3173,3172,3169
8/20/2013 23:00,127,127,152,192,228,231,215,199,189,171,151,125,105,84,69,56,39,38,53,88,144,211,240,242,228,218,214,202,195,160,105,61,42,26,20,27,31,31,28,27,25,22,27,38,80,146,198,178,149,157,211,304,399,620,992,1423,1818,2267,2644,2830,2993,3144,3226,3249,3214,3183,3106,3039,3022,3031,3046,3110
8/21/2013 0:00,136,143,169,198,225,205,199,181,170,150,128,102,87,65,53,42,35,52,86,143,206,242,241,226,216,214,209,184,162,104,61,45,30,23,25,29,35,28,28,26,24,28,39,74,136,172,163,124,117,160,257,373,596,994,1419,1804,2305,2539,2861,2968,3126,3214,3198,3207,3150,3090,3024,2998,2994,3015,3102,3158
8/21/2013 1:00,137,149,174,196,187,174,160,144,130,114,102,85,72,60,51,45,50,80,132,201,233,242,221,210,208,207,194,158,107,60,48,37,34,32,34,36,34,33,27,24,22,32,67,136,174,168,135,113,139,228,324,547,931,1389,1756,2160,2449,2691,2910,3048,3120,3201,3201,3135,3156,3093,3069,3029,3019,3098,3144,3161
8/21/2013 2:00,159,174,199,192,189,162,142,127,113,102,91,72,56,46,41,48,79,133,200,233,238,221,208,207,205,186,152,102,63,45,40,33,32,33,35,35,33,27,24,23,32,68,136,173,156,143,121,138,222,326,558,963,1398,1783,2166,2446,2691,2859,3072,3172,3197,3206,3182,3105,3106,3056,3024,3012,3047,3137,3144,3076
8/21/2013 3:00,154,177,180,169,154,144,124,115,102,90,75,58,44,38,51,76,131,203,233,237,225,208,205,203,191,151,102,64,46,38,36,35,34,33,32,34,28,23,20,33,68,135,172,157,125,127,134,187,292,527,944,1377,1739,2118,2338,2605,2822,2990,3109,3151,3166,3154,3123,3095,3085,3025,3010,3031,3075,3132,3073,2970
8/21/2013 4:00,175,180,168,150,138,126,112,106,92,79,59,46,37,44,82,127,197,233,237,220,210,205,204,189,158,102,64,48,37,34,34,37,35,30,30,29,24,20,32,67,134,173,158,125,113,145,188,284,515,952,1416,1725,2125,2357,2604,2802,3032,3080,3170,3180,3166,3131,3088,3085,3031,3010,3038,3062,3072,3056,2964,2851
8/21/2013 5:00,194,181,150,137,118,110,100,92,76,56,39,33,40,69,125,174,211,219,209,197,187,175,156,127,87,60,47,40,31,35,39,40,33,27,23,21,18,29,64,110,144,172,198,242,297,319,388,558,862,1303,1816,2357,2777,2989,3125,3213,3251,3202,3244,3243,3244,3221,3221,3175,3131,3135,3124,3126,3029,2948,2834,2696
8/21/2013 6:00,184,160,141,124,107,98,89,75,57,42,33,39,61,122,191,207,214,209,197,184,175,155,127,86,59,48,40,34,36,38,38,35,28,23,19,19,30,64,114,140,167,184,257,281,306,369,541,855,1273,1816,2368,2779,3010,3140,3216,3253,3232,3198,3203,3254,3230,3222,3188,3149,3137,3153,3097,3039,2906,2811,2685,2518
8/21/2013 7:00,139,120,105,94,86,80,68,55,42,35,47,79,121,202,247,224,210,202,187,174,154,127,88,59,42,32,26,31,37,36,27,23,15,13,15,27,62,116,146,171,192,250,341,443,505,681,961,1357,1853,2445,2863,3096,3261,3322,3336,3304,3270,3228,3208,3197,3178,3209,3179,3192,3249,3222,3159,3027,2878,2744,2553,2350
8/21/2013 8:00,110,99,91,81,76,63,51,43,37,49,79,130,183,241,250,209,196,188,173,154,122,86,58,43,32,26,31,39,37,28,20,15,13,14,26,63,113,148,173,194,253,316,435,512,659,941,1349,1876,2434,2868,3101,3251,3331,3335,3303,3274,3251,3204,3211,3201,3198,3217,3222,3242,3245,3149,3033,2885,2722,2544,2335,2063
8/21/2013 9:00,94,93,88,66,65,47,41,42,59,107,166,248,293,323,310,263,230,201,160,125,87,59,47,38,29,28,36,38,29,20,13,11,8,16,33,61,85,107,142,206,373,679,1115,1593,2139,2590,2922,3115,3175,3064,2912,2717,2557,2378,2282,2284,2342,2412,2547,2671,2750,2896,2899,2909,2876,2773,2639,2511,2333,2165,1936,1719
8/21/2013 10:00,92,80,75,54,46,36,41,60,106,173,254,310,304,304,277,230,193,163,125,88,57,46,37,32,28,36,38,32,20,13,11,9,16,35,61,83,111,145,209,367,663,1054,1604,2137,2592,2907,3116,3168,3056,2900,2727,2546,2388,2295,2270,2343,2433,2537,2679,2786,2859,2972,2930,2910,2779,2647,2511,2352,2140,1932,1708,1536
8/21/2013 11:00,75,67,60,41,37,37,61,109,178,266,328,335,292,277,246,197,157,127,89,60,46,32,29,32,37,36,28,20,13,10,12,21,33,60,81,101,124,176,349,651,1010,1510,2043,2458,2811,3045,3172,3041,2898,2713,2537,2353,2232,2216,2272,2364,2480,2575,2715,2822,2880,2935,2879,2784,2628,2496,2355,2186,1957,1742,1540,1395
8/21/2013 12:00,72,60,46,36,38,58,110,181,265,338,350,323,272,236,211,160,125,94,61,51,32,30,32,37,35,26,20,12,12,13,20,34,57,79,90,111,159,343,661,1062,1505,2019,2497,2792,3052,3147,3061,2898,2749,2563,2413,2284,2226,2283,2367,2456,2567,2714,2842,2904,2941,2879,2771,2658,2507,2349,2182,1970,1738,1551,1378,1251
8/21/2013 13:00,53,42,35,35,56,104,181,266,337,351,328,287,236,199,167,124,91,62,48,32,27,33,37,37,26,20,12,11,13,23,33,61,78,92,113,160,338,641,1029,1533,2040,2455,2812,3056,3174,3062,2937,2737,2570,2403,2292,2260,2279,2381,2488,2567,2701,2893,2952,2945,2885,2767,2641,2536,2351,2187,1974,1747,1540,1375,1253,1111
8/21/2013 14:00,40,31,35,50,101,175,266,331,347,322,288,243,197,153,124,89,62,49,31,29,30,37,38,27,20,14,11,13,21,34,58,82,91,111,164,342,630,1029,1523,2039,2488,2832,3049,3174,3088,2928,2751,2579,2381,2292,2268,2331,2373,2484,2605,2685,2873,2985,3005,2869,2775,2636,2529,2375,2180,1975,1756,1544,1374,1222,1114,989
8/21/2013 15:00,38,38,52,110,181,270,347,359,329,291,255,205,159,120,87,61,48,33,28,30,36,36,29,20,13,11,15,22,39,62,80,88,114,164,310,580,930,1444,1948,2440,2793,3047,3133,3071,2899,2713,2531,2351,2236,2249,2328,2424,2507,2603,2712,2809,2968,3012,2935,2771,2635,2515,2379,2210,1994,1743,1526,1342,1181,1038,931,838
8/21/2013 16:00,31,49,91,185,263,334,352,321,286,250,210,158,118,84,58,48,32,28,29,36,34,28,21,13,11,15,21,39,64,81,89,117,164,324,589,933,1432,1948,2434,2792,3040,3148,3073,2906,2717,2534,2350,2235,2229,2321,2426,2533,2619,2712,2843,2920,3001,2944,2818,2636,2526,2390,2239,1992,1757,1534,1339,1185,1044,925,844,772
8/21/2013 17:00,43,83,149,254,319,352,332,295,263,212,157,118,86,60,46,34,31,30,31,28,23,17,10,10,13,18,34,56,66,62,79,118,298,574,952,1474,1995,2461,2693,2871,2963,2939,2844,2713,2544,2376,2258,2223,2279,2416,2544,2661,2787,2865,2954,2976,2978,2894,2768,2657,2502,2366,2170,1934,1708,1486,1312,1151,1029,931,864,814
8/21/2013 18:00,82,152,228,326,345,327,299,258,207,158,120,86,62,44,30,31,32,33,28,20,17,8,10,14,18,36,56,65,61,80,124,274,570,954,1472,2004,2426,2698,2862,2955,2939,2846,2718,2546,2377,2257,2224,2294,2416,2544,2669,2776,2925,3008,2995,2978,2875,2761,2690,2536,2359,2180,1961,1708,1494,1316,1151,1032,937,865,820,797
8/21/2013 19:00,181,251,321,390,365,330,288,232,167,127,97,65,52,38,32,33,26,22,16,13,9,8,12,17,35,56,66,59,82,126,298,580,968,1508,2041,2489,2698,2875,2935,2917,2826,2694,2522,2361,2237,2207,2253,2391,2526,2675,2762,2878,2980,3009,2913,2826,2697,2640,2502,2368,2123,1934,1699,1436,1255,1082,961,873,791,737,692,725
8/21/2013 20:00,275,351,362,375,334,284,231,179,130,93,66,50,40,31,27,25,22,19,13,7,8,11,15,35,56,67,60,81,123,296,592,967,1504,2030,2481,2704,2824,2940,2914,2822,2693,2533,2360,2242,2204,2251,2355,2518,2643,2785,2880,2951,3003,2962,2804,2697,2614,2496,2331,2173,1911,1706,1486,1255,1083,968,869,802,725,680,726,814
8/21/2013 21:00,450,455,393,362,315,255,197,154,119,93,82,76,60,47,34,26,22,17,8,7,8,16,24,39,45,50,78,178,530,1087,1625,2096,2321,2510,2696,2896,2984,2951,2769,2543,2368,2228,2171,2197,2276,2394,2483,2594,2685,2865,2982,3069,3071,2981,2843,2749,2614,2435,2137,1851,1560,1364,1187,1017,884,737,602,477,376,359,442,571
8/21/2013 22:00,497,444,367,318,260,197,158,125,100,81,75,60,51,35,26,19,18,10,7,8,16,23,38,45,50,84,177,531,1103,1626,2068,2367,2506,2639,2879,2998,2920,2757,2531,2367,2229,2174,2198,2290,2389,2439,2557,2685,2842,2977,3072,3064,2990,2870,2729,2608,2416,2138,1824,1553,1354,1182,1038,881,750,602,472,372,344,438,578,827
8/21/2013 23:00,520,430,337,274,206,161,133,109,92,80,66,51,40,30,22,20,13,9,4,9,19,35,55,100,217,387,748,1197,1756,2146,2448,2695,2777,2937,3025,2940,2742,2516,2344,2223,2162,2200,2294,2411,2454,2497,2614,2806,2976,3072,3044,2939,2806,2693,2527,2376,2122,1828,1554,1335,1176,1044,908,738,601,462,369,352,461,630,906,1217
8/22/2013 0:00,481,380,293,228,168,138,116,100,87,65,57,37,30,21,18,14,8,7,12,19,33,54,100,225,379,717,1186,1741,2175,2434,2654,2822,2910,3004,2945,2728,2468,2294,2161,2109,2154,2251,2382,2439,2504,2580,2781,2962,3066,3029,2932,2796,2696,2556,2325,2089,1811,1548,1342,1172,1039,901,752,585,463,366,346,453,647,906,1271,1649
8/22/2013 1:00,481,380,293,228,168,138,116,100,87,65,57,37,30,21,18,14,8,7,12,19,33,54,100,225,379,717,1186,1741,2175,2434,2654,2822,2910,3004,2945,2728,2468,2294,2161,2109,2154,2251,2382,2439,2504,2580,2781,2962,3066,3029,2932,2796,2696,2556,2325,2089,1811,1548,1342,1172,1039,901,752,585,463,366,346,453,647,906,1271,1649
8/22/2013 2:00,321,239,187,152,126,108,96,81,63,42,33,24,19,10,12,9,13,20,34,57,102,230,400,744,1188,1750,2187,2466,2692,2792,2913,2917,2920,2737,2480,2265,2109,2073,2110,2174,2303,2353,2450,2540,2705,2855,3019,3017,2918,2788,2675,2542,2389,2153,1789,1536,1356,1201,1061,920,767,632,507,418,415,536,712,971,1265,1611,1974,2176
8/22/2013 3:00,230,172,137,116,102,88,78,61,44,29,20,16,10,7,8,13,20,35,63,106,224,398,738,1205,1789,2204,2472,2667,2849,2859,2906,2817,2692,2445,2237,2089,2012,2050,2149,2225,2303,2329,2427,2627,2824,2926,2965,2887,2757,2645,2535,2376,2172,1872,1544,1366,1209,1094,938,786,637,518,449,449,571,772,1005,1282,1619,1924,2174,2396
8/22/2013 4:00,207,155,130,112,97,80,65,45,33,21,18,10,8,9,11,23,35,62,107,226,399,731,1222,1794,2203,2480,2693,2777,2909,2886,2843,2652,2432,2227,2078,2012,2023,2134,2256,2278,2345,2412,2627,2814,2954,2908,2865,2758,2651,2528,2381,2172,1908,1640,1363,1183,1081,945,783,634,518,445,443,566,778,1019,1285,1598,1880,2115,2392,2603
8/22/2013 5:00,158,126,108,97,84,66,48,33,20,17,14,10,9,12,19,41,82,157,257,400,702,1178,1854,2257,2448,2588,2696,2745,2757,2592,2412,2188,2056,1967,1896,1892,1957,2088,2120,2117,2233,2414,2641,2809,2824,2777,2669,2599,2469,2299,2097,1846,1622,1436,1233,1124,1024,891,770,669,608,654,817,993,1244,1513,1831,2086,2277,2459,2666,2799
8/22/2013 6:00,122,99,95,80,67,46,32,20,18,13,11,9,13,18,36,82,160,255,400,691,1238,1750,2234,2422,2581,2708,2745,2730,2608,2388,2190,2035,1935,1892,1910,1950,2041,2107,2127,2206,2429,2610,2809,2824,2762,2662,2569,2469,2314,2095,1841,1622,1444,1282,1142,1016,892,793,678,618,657,787,1013,1253,1549,1830,2116,2300,2438,2637,2791,2886
8/22/2013 7:00,115,101,86,71,52,34,21,18,14,8,12,13,19,33,74,173,267,403,671,1189,1776,2115,2384,2515,2664,2683,2694,2564,2374,2153,2012,1893,1825,1850,1979,2030,2082,2150,2215,2419,2643,2796,2814,2769,2637,2565,2408,2302,2086,1823,1600,1418,1272,1151,981,855,754,687,591,600,725,941,1178,1505,1802,2075,2266,2422,2592,2731,2887,2865
8/22/2013 8:00,107,90,75,56,38,26,18,16,10,11,17,21,35,75,144,274,387,672,1192,1701,2126,2337,2508,2629,2692,2702,2579,2372,2157,1990,1896,1825,1829,1930,2071,2063,2115,2214,2408,2613,2794,2837,2760,2651,2543,2436,2298,2086,1823,1600,1424,1272,1169,1004,851,754,668,639,641,723,944,1178,1501,1837,2074,2315,2476,2614,2718,2837,2887,2825
8/22/2013 9:00,104,84,57,35,23,18,14,16,24,36,34,30,58,127,248,364,497,790,1119,1589,2051,2200,2194,2016,1849,1782,1759,1730,1661,1622,1568,1582,1652,1755,1882,1943,2076,2309,2554,2746,2840,2882,2848,2795,2728,2660,2558,2437,2316,2071,1805,1543,1327,1148,1019,989,968,1028,997,1046,1184,1465,1844,2165,2294,2426,2494,2540,2543,2575,2555,2431
8/22/2013 10:00,83,59,36,23,16,14,15,29,35,35,27,53,134,252,369,491,777,1215,1600,2022,2269,2177,2023,1847,1793,1769,1726,1675,1617,1583,1558,1641,1751,1837,1943,2063,2296,2548,2737,2849,2860,2849,2787,2720,2661,2569,2444,2316,2085,1804,1549,1327,1154,1030,950,1021,986,1054,1056,1184,1471,1828,2186,2334,2486,2511,2560,2569,2538,2495,2436,2289
8/22/2013 11:00,53,36,23,17,13,13,22,43,33,27,50,123,246,360,507,743,1122,1658,2042,2213,2232,1986,1853,1790,1767,1720,1660,1621,1581,1588,1601,1739,1833,1930,2063,2269,2516,2730,2829,2869,2840,2785,2713,2650,2569,2469,2323,2086,1816,1544,1332,1155,1039,990,989,1045,1013,1104,1253,1473,1909,2170,2354,2521,2566,2560,2586,2569,2430,2373,2280,2105
8/22/2013 12:00,28,21,14,14,13,22,31,40,29,55,124,248,347,536,814,1120,1586,2028,2235,2200,2025,1837,1795,1767,1737,1652,1588,1548,1594,1674,1734,1823,1917,2049,2262,2490,2697,2819,2845,2840,2774,2712,2628,2561,2446,2357,2127,1904,1670,1424,1258,1117,1038,1012,1022,1096,1163,1275,1555,1918,2262,2417,2523,2602,2649,2599,2572,2434,2291,2163,1990,1774
8/22/2013 13:00,26,20,15,16,25,32,39,38,54,133,256,392,539,810,1189,1641,2096,2325,2296,2103,1947,1891,1863,1838,1776,1712,1660,1666,1736,1840,1888,1984,2101,2304,2528,2738,2850,2888,2856,2808,2725,2641,2551,2451,2342,2145,1898,1661,1428,1243,1109,1024,998,1003,1035,1131,1254,1530,1898,2225,2417,2513,2597,2656,2676,2615,2497,2344,2157,1981,1781,1538
8/22/2013 14:00,26,19,16,34,42,34,37,63,135,272,380,584,817,1173,1693,2088,2324,2290,2095,1936,1899,1882,1843,1776,1718,1669,1669,1706,1843,1920,1979,2101,2306,2521,2734,2843,2884,2856,2793,2717,2645,2558,2443,2325,2134,1929,1674,1433,1260,1109,1029,998,1008,1030,1081,1254,1533,1892,2230,2417,2513,2520,2585,2615,2614,2497,2359,2176,1961,1750,1527,1240
8/22/2013 15:00,18,17,20,38,43,33,43,105,238,406,586,837,1144,1746,2240,2624,2546,2310,2048,2035,2013,1967,1848,1755,1693,1691,1735,1789,1933,2071,2209,2424,2643,2828,2955,2990,2955,2884,2815,2710,2611,2510,2359,2126,1891,1676,1412,1192,1009,857,744,678,668,697,815,1109,1524,1905,2151,2318,2436,2445,2430,2390,2302,2187,2029,1848,1675,1494,1214,1004
8/22/2013 16:00,17,22,28,36,35,38,100,240,397,607,803,1163,1743,2291,2563,2562,2297,2056,1960,2008,1971,1840,1776,1693,1691,1727,1812,1878,2050,2209,2434,2661,2830,2924,2988,2955,2899,2796,2694,2593,2510,2362,2117,1847,1627,1404,1187,990,857,747,680,668,698,808,1115,1517,1911,2159,2307,2436,2498,2439,2390,2305,2190,2029,1850,1676,1491,1216,998,788
8/22/2013 17:00,20,28,29,34,32,58,117,211,396,695,1099,1699,2269,2604,2632,2352,2171,2058,2005,2024,1914,1791,1691,1631,1679,1771,1910,1981,2165,2328,2541,2701,2789,2873,2900,2878,2809,2729,2624,2557,2454,2217,1948,1668,1462,1265,1106,992,940,921,933,964,1069,1399,1785,2143,2365,2511,2614,2704,2728,2658,2552,2438,2300,2107,1886,1677,1453,1204,964,772
8/22/2013 18:00,25,29,33,42,63,114,209,398,696,1146,1718,2266,2579,2653,2515,2157,2054,2012,2009,1902,1788,1693,1660,1676,1774,1900,2022,2146,2338,2541,2693,2806,2874,2905,2872,2809,2725,2631,2540,2439,2215,1940,1668,1427,1260,1109,992,934,921,933,961,1074,1355,1765,2165,2391,2524,2652,2704,2741,2726,2568,2440,2300,2107,1886,1673,1436,1203,963,773,579
8/22/2013 19:00,28,29,33,53,61,117,307,652,1108,1703,2206,2566,2549,2469,2304,2034,1962,1923,1836,1727,1654,1634,1664,1744,1865,1989,2144,2297,2553,2721,2811,2892,2920,2910,2834,2758,2665,2568,2451,2224,1948,1673,1438,1223,1114,1021,947,930,945,979,1104,1401,1749,2177,2382,2536,2659,2732,2760,2750,2693,2497,2368,2132,1907,1676,1432,1200,959,766,579,473
8/22/2013 20:00,28,28,46,70,132,305,636,1090,1697,2215,2497,2584,2419,2247,2098,1980,1928,1804,1726,1641,1639,1673,1756,1863,1983,2150,2344,2518,2711,2838,2897,2911,2901,2838,2753,2665,2574,2448,2212,1953,1669,1427,1223,1059,1016,959,930,943,975,1100,1400,1756,2130,2350,2518,2661,2732,2764,2805,2691,2585,2382,2215,1912,1687,1432,1175,960,763,574,479,569
8/22/2013 21:00,41,56,76,136,308,540,1002,1577,2110,2488,2595,2644,2564,2452,2362,2315,2020,1806,1711,1790,1989,2204,2329,2403,2548,2723,2945,3067,3124,3083,3007,2971,2913,2800,2649,2484,2287,2064,1840,1629,1355,1094,903,806,821,800,767,766,862,1165,1567,2019,2396,2714,2929,2981,2864,2757,2666,2495,2275,1957,1714,1431,1226,1102,978,879,773,760,864,999
8/22/2013 22:00,60,67,137,318,590,999,1580,2117,2430,2631,2587,2548,2465,2420,2268,2059,1806,1685,1757,1974,2195,2329,2413,2526,2730,2929,3082,3094,3103,3012,2976,2910,2789,2662,2487,2282,2056,1841,1600,1357,1093,901,769,754,780,773,766,862,1165,1584,2019,2413,2698,2932,2944,2873,2757,2662,2502,2275,1994,1696,1471,1254,1115,967,857,784,760,862,1024,1184
8/22/2013 23:00,77,95,237,576,1066,1678,2308,2614,2682,2676,2557,2538,2448,2326,2026,1804,1614,1721,1926,2168,2318,2456,2607,2785,3001,3120,3142,3059,2987,2930,2867,2746,2592,2422,2181,1939,1737,1505,1230,992,790,687,639,640,720,758,881,1172,1568,1987,2372,2673,2872,2923,2807,2717,2598,2460,2225,1934,1663,1362,1199,1002,844,714,669,633,719,825,944,1213
8/23/2013 0:00,102,249,596,1123,1733,2314,2673,2647,2582,2544,2438,2367,2272,2054,1821,1661,1696,1928,2150,2316,2444,2597,2785,3007,3124,3132,3097,2992,2941,2880,2760,2608,2426,2200,1968,1725,1492,1206,947,778,656,590,604,602,703,835,1126,1519,1937,2328,2644,2861,2878,2818,2684,2618,2445,2279,1983,1714,1441,1224,1054,878,760,686,664,733,816,945,1166,1469
8/23/2013 1:00,280,621,1137,1728,2318,2538,2660,2496,2438,2421,2343,2201,2000,1777,1573,1682,1917,2170,2314,2463,2621,2790,2992,3131,3138,3093,3000,2933,2879,2761,2614,2432,2216,1985,1763,1501,1210,952,777,671,619,608,623,668,843,1126,1499,1930,2323,2646,2864,2879,2805,2690,2576,2427,2230,1987,1703,1439,1241,1050,888,752,698,680,741,811,930,1151,1450,1684
8/23/2013 2:00,614,1089,1722,2336,2585,2559,2539,2457,2383,2316,2173,1886,1685,1607,1630,1914,2162,2335,2463,2611,2815,2989,3113,3137,3085,3005,2948,2884,2770,2609,2425,2207,1998,1764,1522,1210,938,777,664,619,619,607,650,786,1109,1498,1932,2323,2646,2863,2878,2787,2682,2620,2403,2216,1949,1706,1438,1241,1055,895,756,677,660,743,820,945,1191,1478,1686,1769
8/23/2013 3:00,1328,1851,2382,2655,2672,2579,2571,2462,2320,2178,1880,1627,1513,1645,1802,2212,2335,2480,2634,2794,2999,3076,3105,3076,2998,2963,2896,2789,2634,2428,2226,2011,1781,1544,1227,956,785,694,650,640,655,693,814,1097,1496,1909,2320,2637,2859,2861,2762,2618,2565,2414,2181,1910,1652,1392,1220,1047,899,804,755,759,809,843,912,1070,1286,1485,1595,1694
8/23/2013 4:00,1855,2328,2561,2629,2580,2471,2389,2291,2078,1874,1588,1455,1574,1815,2030,2382,2471,2631,2815,2981,3099,3088,3056,2997,2959,2901,2761,2634,2442,2224,2002,1771,1537,1248,955,785,680,634,655,651,693,800,1062,1438,1891,2299,2656,2857,2857,2743,2618,2515,2396,2191,1896,1640,1360,1193,1048,900,804,773,756,811,848,920,1070,1271,1499,1621,1692,1771
8/23/2013 5:00,2124,2447,2577,2551,2454,2276,2178,1969,1784,1638,1566,1647,1871,2117,2269,2548,2681,2916,3114,3226,3270,3215,3160,3078,2998,2907,2714,2541,2253,2000,1731,1502,1293,1044,843,688,604,564,546,557,662,923,1318,1831,2221,2561,2794,2802,2662,2503,2427,2267,2081,1804,1552,1327,1191,1101,1023,917,827,790,804,857,950,1123,1322,1543,1711,1848,1950,1941
8/23/2013 6:00,2517,2629,2629,2514,2338,2155,2051,1801,1619,1569,1686,1877,2101,2292,2399,2688,2893,3121,3259,3259,3244,3144,3092,2980,2887,2740,2504,2275,1996,1743,1502,1286,1044,854,698,604,580,548,559,665,922,1311,1739,2201,2543,2782,2785,2659,2503,2421,2287,2066,1809,1553,1331,1198,1106,1014,917,827,771,822,855,974,1123,1334,1521,1711,1828,1938,1958,1936
8/23/2013 7:00,2640,2640,2527,2388,2152,1955,1827,1660,1561,1682,1872,2123,2312,2499,2637,2934,3165,3310,3328,3266,3176,3082,3012,2879,2721,2524,2222,1993,1719,1493,1257,1024,827,676,569,527,526,535,642,901,1297,1714,2109,2522,2741,2766,2633,2474,2405,2245,2073,1791,1549,1327,1201,1099,1010,917,819,761,798,913,978,1146,1339,1546,1689,1831,1894,1949,1922,1845
8/23/2013 8:00,2590,2455,2333,2184,1954,1746,1634,1558,1642,1857,2103,2285,2471,2665,2860,3142,3301,3332,3280,3176,3103,3008,2910,2713,2500,2255,1967,1734,1506,1277,1017,829,674,574,516,501,548,645,901,1295,1714,2102,2433,2669,2744,2655,2475,2392,2245,2073,1811,1552,1326,1201,1099,1012,917,831,764,798,851,1016,1146,1341,1539,1702,1757,1851,1850,1881,1828,1715
8/23/2013 9:00,2635,2434,2156,1908,1667,1596,1611,1624,1628,1738,1831,1957,2200,2449,2730,2946,3025,3059,3032,2983,2883,2788,2645,2386,2142,1907,1666,1447,1203,921,665,530,483,476,476,508,634,949,1385,1845,2211,2468,2692,2664,2636,2547,2417,2261,2040,1728,1418,1116,936,730,571,408,288,201,134,132,151,413,823,1411,1852,2100,2262,2330,2401,2450,2370,2244
8/23/2013 10:00,2540,2169,1930,1764,1605,1549,1666,1661,1732,1868,2030,2256,2448,2709,2935,3061,3061,3030,2993,2892,2794,2629,2432,2139,1901,1683,1442,1190,914,698,527,468,474,486,509,638,950,1384,1839,2210,2480,2641,2697,2566,2532,2430,2255,2039,1717,1414,1116,941,733,571,408,277,201,147,131,164,422,848,1395,1840,2125,2274,2328,2377,2426,2327,2239,2087
8/23/2013 11:00,2375,2090,1882,1767,1624,1698,1808,1856,1886,2073,2265,2524,2730,2933,3055,3099,3040,2992,2912,2808,2658,2443,2221,1942,1712,1460,1194,895,681,535,478,470,484,509,620,941,1379,1842,2215,2510,2684,2639,2517,2341,2329,2211,2058,1756,1419,1103,851,621,426,285,202,149,118,103,147,416,803,1373,1785,2058,2287,2399,2420,2448,2396,2278,2154,2008
8/23/2013 12:00,2269,1961,1817,1745,1668,1774,1871,1932,2014,2165,2438,2734,2913,3051,3077,3115,3010,2909,2830,2662,2446,2195,1948,1676,1422,1170,890,661,532,476,469,463,493,612,934,1371,1822,2207,2486,2677,2651,2502,2339,2259,2210,2052,1733,1393,1078,836,595,398,271,190,135,109,106,131,417,815,1398,1772,1993,2221,2355,2382,2371,2246,2106,1969,1853,1717
8/23/2013 13:00,1993,1816,1772,1781,1781,1850,1928,2042,2160,2418,2729,2971,3066,3074,3063,3031,2922,2807,2651,2441,2199,1941,1703,1421,1166,871,658,528,471,455,456,465,581,891,1317,1769,2106,2450,2609,2606,2490,2360,2257,2114,2044,1733,1392,1058,843,600,413,278,220,170,142,136,158,412,804,1423,1752,1986,2189,2352,2398,2382,2254,2122,1988,1853,1716,1599
8/23/2013 14:00,1841,1764,1797,1856,1863,1930,2021,2191,2426,2734,2965,3059,3080,3009,2981,2914,2808,2645,2420,2192,1935,1694,1437,1168,879,659,531,477,463,450,464,575,887,1321,1742,2118,2397,2627,2591,2484,2350,2257,2099,1939,1726,1400,1058,840,596,416,292,223,164,142,144,169,428,804,1424,1791,1979,2168,2319,2379,2382,2254,2119,1983,1861,1719,1590,1386
8/23/2013 15:00,1639,1687,1749,1824,1873,1968,2142,2409,2694,2921,3038,3061,3008,2932,2857,2788,2607,2409,2164,1930,1674,1432,1175,861,651,519,475,470,438,428,513,827,1221,1644,1978,2310,2496,2514,2396,2319,2226,2078,1870,1593,1364,1046,806,603,421,325,262,225,202,211,240,497,946,1515,1864,2073,2183,2248,2298,2280,2185,2092,1929,1812,1701,1544,1306,1058
8/23/2013 16:00,1645,1701,1789,1857,1968,2108,2372,2672,2888,2996,3040,3005,2920,2833,2711,2616,2385,2162,1919,1676,1429,1175,880,650,526,474,481,444,431,515,826,1219,1644,1988,2272,2496,2494,2410,2285,2218,2078,1871,1574,1300,1016,816,581,434,317,270,221,207,205,240,505,944,1526,1875,2078,2210,2236,2269,2262,2199,2101,1967,1849,1701,1557,1312,1060,837
8/23/2013 17:00,2157,2187,2220,2294,2393,2573,2778,2916,3001,3024,2983,2939,2824,2663,2484,2293,1995,1754,1525,1308,1061,790,577,432,392,390,391,383,476,743,1122,1569,1951,2267,2478,2558,2518,2425,2300,2124,1885,1593,1305,989,765,566,401,311,238,196,171,175,241,555,1062,1678,1941,2047,2038,2046,2117,2141,2107,2050,1955,1839,1716,1547,1333,1100,916,754
8/23/2013 18:00,2289,2293,2378,2471,2627,2806,2978,3035,3043,3014,2972,2866,2731,2510,2300,2048,1736,1532,1325,1058,788,577,439,392,390,390,399,472,754,1123,1572,1944,2272,2485,2550,2515,2406,2299,2109,1887,1590,1304,994,759,564,406,299,235,196,182,195,209,548,1062,1700,1923,2047,2061,2068,2124,2141,2079,2008,1906,1801,1716,1580,1351,1103,916,756,628
8/23/2013 19:00,2559,2525,2543,2726,2852,2990,3070,3085,3028,2987,2871,2727,2549,2336,2074,1784,1518,1310,1059,774,565,444,394,390,390,398,491,762,1137,1586,1954,2283,2484,2556,2520,2431,2290,2107,1879,1596,1297,983,765,547,401,298,238,176,182,195,230,531,1045,1700,1944,2033,2067,2068,2103,2141,2082,1995,1909,1801,1686,1582,1350,1109,914,751,626,561
8/23/2013 20:00,2637,2608,2712,2906,2981,3040,3090,3039,2984,2901,2741,2553,2361,2115,1869,1578,1318,1063,799,579,440,414,402,403,413,504,777,1154,1609,1998,2270,2473,2516,2483,2388,2290,2088,1855,1582,1293,970,735,509,354,259,190,143,123,134,185,509,1016,1673,1965,2073,2078,2093,2122,2122,2058,1954,1916,1817,1697,1600,1372,1128,924,754,619,554,648
8/23/2013 21:00,2312,2521,2762,2948,2952,2922,2921,2858,2785,2698,2548,2432,2232,1984,1701,1489,1088,863,693,588,519,516,494,492,587,845,1232,1670,2039,2267,2463,2532,2482,2376,2231,1962,1692,1470,1254,980,715,487,358,353,403,404,334,266,325,784,1517,2067,2044,1825,1541,1598,1707,1785,1690,1533,1377,1254,1130,997,798,587,402,265,206,182,334,584
8/23/2013 22:00,2500,2721,2910,2970,2943,2901,2876,2796,2727,2597,2409,2278,1982,1721,1458,1123,851,694,577,533,511,497,491,586,844,1229,1665,2034,2318,2453,2526,2499,2362,2209,1973,1694,1475,1248,990,717,481,361,344,395,404,329,272,316,785,1517,2074,2038,1803,1541,1598,1702,1766,1690,1537,1372,1252,1129,990,797,587,400,265,191,180,324,566,896
8/23/2013 23:00,2778,2905,2973,2957,2898,2838,2785,2683,2599,2452,2259,2045,1736,1465,1246,898,696,587,516,502,490,479,576,830,1197,1645,2050,2312,2477,2484,2444,2341,2149,1922,1668,1461,1256,1005,746,532,422,461,563,629,522,380,378,766,1350,1833,1857,1692,1496,1578,1674,1726,1627,1486,1339,1218,1097,961,767,562,368,217,134,108,240,457,789,1261
8/24/2013 0:00,3036,3024,3000,2920,2856,2794,2716,2596,2438,2263,1992,1733,1461,1191,959,761,583,519,511,489,486,570,835,1208,1667,2042,2322,2482,2519,2444,2309,2123,1889,1636,1429,1226,993,745,534,428,462,559,592,503,376,381,760,1386,1861,1901,1762,1610,1704,1877,1977,1849,1634,1413,1279,1136,985,777,559,351,205,120,88,223,441,765,1247,1797
8/24/2013 1:00,2987,2947,2899,2844,2777,2692,2590,2440,2284,2012,1719,1462,1201,958,772,602,548,531,513,510,601,848,1223,1687,2070,2337,2495,2543,2471,2313,2110,1863,1593,1388,1202,963,732,525,425,460,559,592,489,389,376,755,1379,1883,1895,1743,1602,1700,1866,1964,1838,1616,1380,1246,1121,967,759,548,349,198,118,88,222,435,762,1248,1789,2212
8/24/2013 2:00,2864,2826,2793,2725,2647,2523,2367,2176,1952,1687,1395,1153,916,710,621,540,531,516,508,599,854,1216,1672,2056,2340,2488,2527,2470,2333,2097,1875,1595,1384,1208,961,725,537,428,457,562,597,490,387,409,755,1380,1873,1916,1751,1590,1710,1856,1966,1841,1621,1397,1257,1125,969,754,542,348,202,117,90,223,434,755,1249,1779,2200,2293
8/24/2013 3:00,3029,2888,2811,2699,2566,2375,2210,1963,1717,1484,1186,943,756,639,592,570,543,552,632,880,1259,1707,2083,2335,2484,2522,2421,2278,2060,1788,1541,1329,1140,926,702,514,433,458,555,606,501,393,412,798,1385,1867,1885,1737,1556,1638,1813,1927,1779,1556,1330,1190,1077,925,717,507,321,193,113,85,225,445,766,1274,1803,2218,2316,2281
8/24/2013 4:00,2815,2765,2696,2542,2382,2186,1957,1680,1479,1234,960,772,660,575,575,548,546,640,883,1261,1717,2067,2325,2485,2506,2430,2266,2060,1803,1546,1330,1128,918,709,520,425,461,562,598,501,398,421,793,1380,1865,1882,1725,1574,1641,1803,1922,1780,1562,1329,1197,1082,937,717,504,322,192,113,88,228,448,771,1263,1796,2200,2306,2270,2175
8/24/2013 5:00,2703,2614,2519,2342,2118,1879,1665,1406,1174,933,743,635,542,510,519,556,661,942,1375,1803,2128,2327,2424,2420,2335,2208,1950,1674,1385,1159,974,808,634,460,341,333,386,400,365,300,361,727,1280,1705,1737,1558,1426,1594,1783,1940,1802,1577,1326,1202,1094,964,759,528,353,226,143,123,307,611,1009,1501,1967,2361,2384,2286,2142,1985
8/24/2013 6:00,2697,2537,2386,2114,1887,1635,1396,1138,929,750,627,562,508,491,525,673,942,1375,1828,2151,2358,2404,2423,2343,2199,1973,1664,1386,1163,976,811,623,460,345,332,387,403,361,300,358,753,1263,1736,1741,1575,1424,1589,1800,1947,1794,1576,1328,1203,1097,969,751,538,346,223,147,123,311,614,1006,1511,1977,2366,2379,2286,2135,1982,1789
8/24/2013 7:00,2709,2467,2207,1881,1603,1382,1110,880,733,629,557,538,494,510,628,957,1392,1856,2224,2375,2469,2444,2375,2215,1977,1682,1384,1168,987,819,621,448,335,326,382,403,361,292,351,746,1242,1711,1772,1626,1452,1603,1806,1956,1817,1585,1334,1213,1103,974,763,547,351,214,150,121,305,615,1011,1498,2011,2366,2393,2271,2130,1983,1788,1593
8/24/2013 8:00,2470,2235,1927,1640,1386,1149,924,765,656,585,535,545,518,638,947,1394,1826,2174,2379,2463,2461,2363,2216,1972,1682,1393,1172,981,826,635,441,337,328,383,403,366,295,347,746,1243,1695,1740,1657,1492,1604,1790,1949,1809,1584,1334,1207,1106,978,768,540,359,224,144,126,303,611,1021,1526,1972,2374,2399,2294,2127,1983,1800,1586,1418
8/24/2013 9:00,2117,1867,1630,1411,1214,1048,902,812,758,730,716,769,916,1286,1810,2214,2334,2406,2368,2275,2153,1998,1848,1622,1389,1120,882,650,463,300,172,120,84,71,65,75,109,348,713,1146,1464,1665,1797,2023,2246,2405,2353,2136,1916,1707,1479,1258,998,708,458,315,247,273,541,962,1404,1776,2063,2265,2229,2077,1858,1673,1466,1254,1146,1005
8/24/2013 10:00,1878,1611,1407,1179,1010,896,808,759,739,704,752,926,1282,1788,2214,2335,2383,2363,2282,2153,2009,1840,1609,1386,1129,879,662,457,299,179,116,84,69,66,75,117,345,710,1148,1458,1699,1795,2039,2238,2405,2339,2141,1914,1704,1479,1258,998,710,463,315,245,267,544,972,1413,1772,2088,2256,2226,2085,1862,1674,1472,1265,1104,1007,811
8/24/2013 11:00,1637,1383,1195,1014,923,864,819,821,802,824,992,1441,1944,2296,2449,2477,2411,2360,2255,2129,1962,1729,1491,1260,968,676,446,274,165,121,100,99,93,99,133,371,727,1173,1544,1832,1999,2132,2234,2303,2232,2091,1944,1734,1479,1241,982,682,444,294,218,233,491,898,1335,1666,1944,2133,2132,2056,1912,1722,1519,1315,1143,982,821,665
8/24/2013 12:00,1635,1289,1122,984,915,867,861,854,878,1031,1461,1960,2338,2477,2467,2457,2368,2283,2146,1970,1752,1497,1249,966,657,423,269,154,107,84,91,82,83,116,346,727,1171,1519,1786,1957,2089,2196,2251,2189,2051,1920,1767,1527,1283,1028,728,476,320,233,240,482,900,1355,1673,1940,2131,2133,2032,1904,1736,1517,1290,1122,977,790,662,508
8/24/2013 13:00,1308,1082,972,919,875,878,860,925,1086,1498,2027,2417,2554,2525,2496,2407,2290,2159,1959,1738,1510,1246,944,648,398,258,152,100,86,92,85,87,127,361,767,1197,1506,1746,1887,2029,2122,2205,2154,2025,1881,1714,1508,1272,1009,720,474,313,233,239,513,870,1359,1695,1955,2145,2158,2065,1898,1737,1532,1282,1105,959,777,626,499,337
8/24/2013 14:00,1129,977,919,883,861,854,877,1063,1496,2000,2411,2570,2534,2448,2407,2313,2151,1967,1737,1502,1253,948,664,398,248,150,96,83,92,82,87,123,361,757,1187,1500,1733,1899,2030,2124,2181,2146,2041,1887,1712,1512,1271,1013,714,476,315,226,229,511,915,1312,1698,1955,2145,2164,2087,1915,1726,1535,1309,1110,967,778,626,479,333,244
8/24/2013 15:00,1022,926,893,898,898,938,1101,1526,2061,2434,2594,2610,2504,2410,2323,2213,1988,1755,1505,1257,953,683,420,247,144,95,82,90,86,86,126,378,798,1220,1501,1687,1779,1911,2031,2111,2047,1947,1804,1621,1410,1199,951,664,434,283,205,222,517,957,1445,1777,2051,2284,2275,2174,2004,1766,1503,1277,1086,902,743,603,441,295,204,134
8/24/2013 16:00,1039,943,923,936,960,1118,1509,2006,2432,2578,2605,2566,2439,2286,2160,2013,1759,1511,1257,936,672,398,256,144,97,81,84,86,91,129,378,793,1220,1488,1681,1775,1895,2021,2096,2054,1936,1799,1638,1410,1191,941,664,435,286,203,224,519,951,1445,1824,2054,2256,2275,2174,2017,1800,1528,1274,1085,922,745,602,438,294,204,133,82
8/24/2013 17:00,1198,1083,1037,1050,1176,1479,1946,2344,2557,2583,2529,2450,2296,2121,1935,1797,1480,1189,857,561,349,221,130,70,42,33,33,52,118,371,781,1181,1370,1477,1582,1710,1799,1854,1805,1726,1601,1463,1285,1091,882,633,415,272,203,221,516,977,1460,1881,2235,2407,2372,2235,2033,1845,1603,1328,1128,953,749,593,426,280,192,127,79,50
8/24/2013 18:00,1056,980,973,1126,1484,1936,2335,2523,2610,2567,2432,2297,2100,1934,1725,1502,1191,880,563,349,229,131,71,42,33,36,51,112,374,772,1178,1379,1477,1546,1706,1799,1861,1804,1730,1616,1451,1284,1098,878,630,417,271,206,221,516,973,1491,1874,2208,2407,2378,2209,2029,1843,1614,1365,1133,951,747,595,426,288,195,125,80,47,20
8/24/2013 19:00,806,842,977,1392,1857,2245,2466,2533,2563,2430,2264,2100,1924,1740,1473,1209,888,590,381,221,133,76,44,33,35,49,99,346,735,1132,1360,1489,1552,1704,1810,1840,1811,1726,1627,1476,1291,1116,895,640,424,273,206,223,516,977,1483,1901,2203,2387,2358,2223,2016,1845,1613,1375,1175,949,746,589,421,278,196,126,75,49,19,13
8/24/2013 20:00,964,1068,1430,1921,2280,2461,2546,2542,2469,2290,2067,1875,1708,1469,1217,894,599,380,236,126,72,44,34,35,49,99,346,728,1122,1339,1486,1556,1696,1786,1850,1789,1729,1619,1480,1298,1106,901,641,426,277,202,229,512,977,1489,1897,2236,2380,2352,2190,2014,1822,1611,1375,1164,1003,746,583,418,280,193,130,84,46,22,13,20
8/24/2013 21:00,1091,1299,1599,1872,2069,2197,2284,2257,2148,1962,1703,1521,1288,1080,893,688,401,261,158,89,63,53,60,89,186,540,1041,1424,1534,1504,1447,1572,1726,1796,1776,1652,1506,1327,1145,951,742,534,360,229,156,143,240,509,828,1296,1825,2237,2271,2193,1999,1809,1548,1376,1191,927,718,523,401,294,202,138,89,46,21,18,21,23
8/24/2013 22:00,1310,1589,1855,2091,2227,2279,2230,2125,1953,1721,1501,1294,1090,891,680,392,260,153,90,59,52,61,92,190,529,1036,1425,1528,1476,1442,1547,1728,1800,1747,1655,1502,1280,1098,958,740,531,359,231,157,142,237,479,794,1304,1810,2213,2305,2195,2008,1795,1544,1340,1177,944,705,554,401,288,202,139,88,44,21,18,21,23,25
8/24/2013 23:00,1616,1877,2041,2191,2229,2177,2076,1894,1651,1413,1207,1041,876,667,479,251,162,97,66,49,60,100,231,608,1129,1514,1660,1657,1629,1666,1780,1865,1812,1657,1512,1306,1084,904,712,521,353,226,149,130,201,347,588,1115,1768,2221,2331,2263,2072,1852,1593,1369,1133,971,735,550,414,296,214,144,86,43,18,14,19,23,28,31
8/25/2013 0:00,1747,1950,2083,2137,2096,1985,1826,1600,1365,1144,967,834,637,399,233,147,97,60,51,62,110,250,619,1157,1533,1661,1668,1654,1678,1799,1853,1773,1587,1432,1253,1053,862,667,480,319,205,142,126,197,347,591,1120,1728,2262,2344,2276,2088,1861,1597,1348,1160,858,706,528,399,290,199,137,85,44,20,16,19,23,28,30,35
8/25/2013 1:00,2076,2188,2203,2155,2013,1857,1636,1409,1182,999,842,662,409,252,157,111,78,65,73,119,265,651,1175,1551,1677,1655,1651,1664,1794,1877,1781,1620,1424,1228,1055,866,662,474,313,202,140,130,200,352,596,1126,1717,2177,2351,2281,2083,1876,1609,1364,1168,912,706,532,396,291,203,134,82,44,21,17,19,23,28,31,38,43
8/25/2013 2:00,2514,2368,2280,2109,1913,1636,1378,1157,991,836,631,414,257,166,112,84,77,81,120,260,654,1198,1554,1688,1670,1643,1638,1796,1858,1795,1624,1452,1229,1054,870,664,477,316,203,138,128,201,350,601,1104,1722,2162,2283,2285,2082,1873,1621,1364,1173,908,700,532,399,289,203,138,79,42,21,17,19,23,30,30,38,43,62
8/25/2013 3:00,2709,2430,2226,1987,1731,1453,1231,1067,914,682,435,274,171,112,85,77,90,131,275,661,1218,1626,1734,1717,1644,1668,1760,1887,1813,1649,1457,1252,1035,871,664,469,317,204,144,132,206,361,611,1097,1695,2203,2293,2272,2100,1937,1702,1463,1207,933,714,531,401,292,214,143,83,43,23,16,20,26,31,36,41,46,64,82
8/25/2013 4:00,2546,2232,2017,1721,1450,1182,1043,911,713,449,274,175,118,87,74,79,134,276,671,1217,1626,1755,1711,1669,1686,1802,1812,1806,1647,1472,1250,1056,849,666,469,315,204,141,132,208,362,611,1097,1657,2148,2308,2261,2099,1900,1658,1449,1250,954,715,548,404,292,205,148,83,44,22,17,20,27,31,36,43,49,65,82,104
8/25/2013 5:00,2323,1989,1710,1374,1151,954,793,615,420,257,148,86,50,45,61,93,193,529,991,1410,1600,1608,1604,1771,2003,2121,2025,1897,1686,1533,1362,1168,954,735,510,356,230,215,297,519,774,1173,1616,1988,2130,2103,1945,1742,1491,1284,1099,847,650,498,394,283,200,129,84,41,26,18,21,24,30,39,52,60,78,97,120,144
8/25/2013 6:00,2167,1799,1503,1201,1008,827,641,439,277,151,89,50,47,59,85,183,532,1006,1415,1597,1608,1593,1768,1985,2138,2035,1856,1686,1525,1363,1160,960,733,540,354,247,206,302,496,801,1190,1618,1976,2101,2102,1936,1739,1504,1273,1053,837,650,498,393,289,200,133,74,44,25,18,21,24,27,39,52,62,79,94,120,144,178
8/25/2013 7:00,1745,1480,1229,1003,787,578,375,242,127,74,45,39,44,76,160,521,997,1430,1592,1605,1588,1777,1959,2094,2016,1833,1633,1485,1345,1157,934,736,539,372,246,221,301,527,796,1260,1686,2021,2123,2118,1958,1712,1488,1265,1031,802,610,502,386,277,194,127,78,42,25,18,21,25,27,38,50,62,80,92,115,144,180,198
8/25/2013 8:00,1295,1142,969,786,589,367,223,124,70,40,36,51,77,156,467,987,1417,1597,1589,1595,1782,1996,2090,1996,1845,1638,1470,1313,1150,938,721,541,370,256,215,321,498,806,1219,1690,2045,2124,2115,1960,1740,1462,1258,1033,791,608,474,390,284,193,128,74,41,25,17,21,25,29,36,50,57,83,97,116,140,180,198,191
8/25/2013 9:00,1579,1261,961,683,395,224,117,62,33,27,39,59,99,332,720,1064,1289,1476,1610,1783,1946,2014,1956,1896,1780,1626,1450,1252,1078,860,694,568,457,431,530,687,866,1141,1382,1636,1763,1867,1901,1838,1694,1514,1348,1180,957,728,515,314,188,97,39,15,9,12,21,29,34,40,43,56,135,271,475,674,913,1114,1192,1214
8/25/2013 10:00,1171,901,656,390,209,110,55,28,23,34,57,107,338,711,1062,1288,1484,1622,1783,1934,2023,1982,1884,1784,1614,1436,1238,1044,866,695,555,456,429,536,690,900,1115,1388,1623,1764,1869,1903,1838,1691,1503,1343,1176,962,722,512,315,189,97,38,15,9,12,21,29,35,41,45,56,135,260,480,684,917,1105,1192,1219,1207
8/25/2013 11:00,633,451,268,150,63,31,16,15,32,76,181,489,920,1339,1531,1710,1763,1826,1816,1876,1847,1757,1611,1425,1210,995,792,616,464,357,295,292,388,602,867,1127,1370,1634,1768,1889,1894,1850,1690,1491,1319,1147,930,699,476,280,168,83,33,10,13,15,21,33,34,39,42,58,148,313,535,834,1081,1251,1313,1319,1323,1312
8/25/2013 12:00,576,364,221,117,64,44,35,45,94,195,488,935,1362,1647,1692,1806,1792,1880,1904,1880,1822,1688,1460,1261,1028,833,639,495,390,340,334,427,631,896,1152,1405,1630,1790,1914,1956,1865,1730,1533,1362,1200,986,734,505,284,166,87,33,11,14,15,22,32,36,38,43,56,156,334,564,815,1098,1320,1338,1349,1319,1299,1233
8/25/2013 13:00,342,201,110,62,39,36,49,105,210,499,952,1351,1642,1801,1793,1804,1844,1948,1904,1799,1708,1482,1258,1037,823,661,498,392,341,336,437,651,922,1174,1423,1664,1781,1900,1934,1845,1695,1525,1357,1198,984,727,503,282,164,83,32,10,12,14,21,33,34,38,42,56,149,328,560,815,1101,1294,1361,1347,1337,1305,1253,1145
8/25/2013 14:00,246,153,89,58,44,64,105,209,481,903,1331,1597,1737,1794,1838,1857,1906,1920,1821,1678,1489,1265,1033,830,647,509,391,338,332,434,641,907,1171,1423,1660,1805,1900,1943,1872,1694,1492,1357,1197,985,731,498,282,163,80,32,11,12,14,21,31,36,37,42,57,149,313,549,813,1098,1307,1352,1360,1330,1309,1247,1146,989
8/25/2013 15:00,150,92,60,45,63,129,228,520,905,1272,1599,1760,1807,1853,1906,1934,1854,1860,1684,1484,1277,1024,823,654,510,398,340,331,430,647,890,1164,1421,1646,1781,1895,1905,1850,1711,1489,1305,1191,971,722,492,275,162,78,30,11,10,15,21,29,33,36,41,56,149,316,531,819,1142,1352,1435,1435,1418,1377,1329,1232,1084,902
8/25/2013 16:00,97,58,50,63,122,238,523,906,1272,1598,1809,1860,1845,1867,1917,1887,1785,1695,1469,1268,1042,828,648,510,406,335,329,431,633,886,1141,1408,1647,1781,1897,1934,1843,1697,1517,1301,1135,941,721,497,274,157,81,30,9,8,15,21,29,33,36,44,56,147,315,532,859,1104,1342,1426,1449,1420,1383,1338,1237,1084,915,730
8/25/2013 17:00,63,46,56,98,187,503,910,1310,1642,1927,2093,2143,2119,2094,2115,1957,1798,1576,1306,1058,839,657,514,420,351,338,423,572,764,967,1212,1451,1643,1769,1833,1816,1636,1470,1248,1097,901,680,482,271,162,79,32,8,6,14,21,35,38,36,36,42,114,245,481,735,1030,1222,1309,1316,1299,1276,1227,1147,1022,860,698,524
8/25/2013 18:00,54,65,94,202,520,945,1349,1661,1917,2066,2147,2093,2104,2054,2025,1807,1544,1323,1064,839,660,515,411,348,346,419,571,763,975,1224,1452,1631,1769,1842,1803,1686,1457,1292,1083,901,678,458,271,161,78,32,8,6,13,19,34,36,37,36,42,112,234,444,735,1032,1239,1295,1315,1299,1260,1230,1155,1019,863,698,520,412
8/25/2013 19:00,35,69,170,482,932,1337,1669,1920,2115,2208,2176,2145,2093,2022,1887,1591,1335,1116,886,692,538,433,374,371,442,576,749,953,1181,1405,1595,1752,1828,1745,1652,1465,1282,1131,886,679,470,277,163,77,29,6,6,12,19,32,34,31,33,41,115,228,434,712,1029,1227,1294,1293,1293,1245,1192,1139,1002,851,679,532,393,308
8/25/2013 20:00,82,177,492,923,1361,1628,1824,2014,2183,2192,2169,2090,2010,1803,1643,1344,1116,891,700,540,438,374,376,440,573,738,948,1179,1418,1593,1735,1833,1796,1615,1446,1299,1127,929,660,471,283,164,77,29,6,6,12,19,32,34,31,32,41,114,232,424,689,1016,1238,1285,1293,1278,1246,1192,1115,1008,839,687,503,397,308,318
8/25/2013 21:00,221,645,1326,1910,1981,2004,2056,2103,2009,1897,1725,1648,1443,1259,1118,934,584,397,268,189,161,181,277,431,711,1145,1684,2101,2271,2245,2128,1913,1602,1267,1006,834,643,489,343,230,141,81,31,8,6,13,16,20,27,31,40,61,248,561,847,1003,1150,1271,1274,1208,1111,1018,901,785,663,518,394,269,189,136,163,227
8/25/2013 22:00,663,1296,1869,2064,2060,2071,2094,2032,1891,1753,1653,1502,1260,1077,893,584,399,267,202,165,186,269,433,715,1145,1676,2067,2257,2258,2114,1882,1602,1268,1007,790,648,488,347,231,140,79,31,8,6,13,16,20,27,33,42,61,249,566,842,1003,1134,1249,1274,1216,1113,996,903,785,652,518,395,269,186,138,171,231,323
8/25/2013 23:00,999,1543,1878,1990,1982,1974,1933,1846,1734,1652,1510,1311,1068,879,655,399,264,203,173,189,278,457,757,1209,1707,2092,2227,2242,2098,1866,1550,1271,1016,791,620,506,355,242,144,83,31,8,6,13,16,20,27,36,46,72,250,561,831,964,1088,1200,1239,1207,1111,1014,914,829,722,602,492,378,292,245,272,333,387,538
8/26/2013 0:00,1635,1856,1968,1893,1896,1849,1795,1704,1606,1492,1274,1050,794,575,386,266,176,154,173,254,434,739,1187,1702,2093,2213,2201,2089,1840,1557,1270,1050,780,607,469,353,244,152,82,33,8,5,12,15,20,30,38,53,89,278,580,871,1019,1141,1259,1281,1269,1207,1127,1023,904,775,651,511,383,299,243,255,313,409,523,700
8/26/2013 1:00,1956,1936,1942,1873,1860,1814,1695,1608,1482,1271,1043,805,567,376,246,165,140,169,253,425,715,1172,1705,2113,2210,2169,2092,1841,1532,1282,1046,825,623,480,358,261,165,91,36,9,4,11,16,20,33,40,55,92,276,580,869,1025,1158,1281,1313,1306,1251,1156,1043,902,782,649,511,386,299,245,268,319,429,582,779,991
8/26/2013 2:00,1916,1895,1956,1875,1811,1686,1558,1459,1228,1010,764,552,360,224,141,141,166,255,430,733,1170,1684,2088,2214,2203,2058,1848,1536,1257,1040,829,626,501,356,255,165,93,37,9,4,11,16,20,33,41,56,86,276,582,868,1023,1160,1289,1310,1287,1251,1166,1039,917,776,651,511,387,302,247,267,330,431,594,791,1000,1122
8/26/2013 3:00,1916,1895,1956,1875,1811,1686,1558,1459,1228,1010,764,552,360,224,141,141,166,255,430,733,1170,1684,2088,2214,2203,2058,1848,1536,1257,1040,829,626,501,356,255,165,93,37,9,4,11,16,20,33,41,56,86,276,582,868,1023,1160,1289,1310,1287,1251,1166,1039,917,776,651,511,387,302,247,267,330,431,594,791,1000,1122
8/26/2013 4:00,1903,1866,1907,1716,1576,1371,1168,984,763,535,352,219,141,105,140,243,406,723,1201,1725,2123,2220,2215,2085,1873,1508,1263,1034,834,642,494,368,269,173,97,39,11,3,10,15,21,34,39,56,90,270,562,864,1058,1225,1382,1407,1372,1315,1207,1092,961,816,655,504,404,318,256,279,346,449,634,872,1101,1233,1328,1357
8/26/2013 5:00,1640,1667,1639,1522,1354,1131,921,726,501,323,198,121,92,107,180,364,641,1119,1673,2103,2278,2321,2205,1978,1680,1321,1145,963,738,532,379,270,176,100,42,18,2,13,25,37,50,57,67,99,281,563,888,1086,1265,1421,1490,1515,1456,1347,1222,1096,947,788,588,453,376,274,261,296,378,550,780,1047,1205,1331,1402,1451
8/26/2013 6:00,1569,1548,1506,1374,1131,922,698,488,317,191,119,87,108,176,316,643,1110,1656,2136,2299,2326,2202,1987,1687,1390,1091,949,731,532,372,267,175,101,43,18,3,14,25,36,48,58,66,99,279,581,845,1085,1250,1415,1484,1497,1458,1351,1237,1090,944,760,618,436,323,269,271,304,381,548,778,1046,1206,1332,1401,1444,1427
8/26/2013 7:00,1436,1417,1342,1128,904,713,474,312,193,116,88,103,168,328,571,1108,1648,2123,2329,2325,2213,1992,1685,1387,1169,894,741,532,375,268,171,103,44,18,3,14,25,37,47,57,66,98,273,559,877,1043,1236,1385,1469,1494,1463,1354,1242,1104,950,784,591,440,310,243,267,316,397,547,776,1045,1205,1330,1402,1482,1419,1416
8/26/2013 8:00,1217,1158,1064,882,656,490,299,189,110,80,100,172,341,600,1036,1626,2079,2293,2349,2211,1987,1681,1384,1148,957,685,530,379,267,173,99,44,17,3,14,27,39,48,57,65,98,274,560,845,1072,1213,1389,1455,1472,1454,1356,1245,1109,954,791,625,441,315,236,246,313,404,574,779,1044,1205,1329,1382,1475,1486,1375,1242
8/26/2013 9:00,571,481,393,306,204,137,78,53,30,45,131,329,575,948,1311,1650,1897,1979,1945,1816,1598,1370,1150,966,757,516,370,250,158,85,31,10,2,15,31,47,62,61,65,76,131,226,388,652,999,1337,1508,1549,1523,1447,1329,1186,980,790,576,425,277,196,148,139,189,370,648,1052,1324,1498,1707,1731,1752,1641,1469,1284
8/26/2013 10:00,456,365,277,209,138,85,50,31,42,129,329,588,939,1304,1635,1910,1974,1956,1814,1599,1369,1153,962,727,543,362,253,159,87,31,11,2,15,30,51,63,65,65,78,132,226,369,646,999,1328,1504,1551,1520,1428,1321,1186,981,792,590,420,291,196,147,152,199,408,660,1070,1333,1503,1637,1805,1744,1690,1466,1283,1085
8/26/2013 11:00,272,212,149,112,79,48,36,42,126,306,561,897,1290,1639,1831,1939,1905,1779,1570,1337,1121,908,681,493,348,230,142,71,24,6,5,16,30,50,67,68,73,81,133,236,387,649,1073,1410,1585,1626,1580,1457,1319,1170,956,738,510,331,194,120,94,91,150,316,592,887,1141,1286,1399,1499,1574,1533,1396,1204,1045,896
8/26/2013 12:00,188,142,105,71,53,39,54,135,328,573,897,1286,1606,1852,1977,1986,1748,1563,1344,1133,909,676,501,330,227,141,70,25,6,5,18,31,51,62,66,69,75,125,215,371,633,1013,1389,1573,1607,1568,1451,1294,1134,943,679,500,325,191,120,89,91,138,299,584,879,1117,1278,1335,1434,1487,1464,1328,1156,1025,891,737
8/26/2013 13:00,140,107,69,45,41,54,150,335,585,922,1299,1646,1863,2002,2016,1773,1562,1353,1145,927,670,489,327,206,132,65,26,6,6,17,32,54,67,62,67,78,139,246,410,683,1044,1385,1579,1611,1549,1430,1278,1092,918,704,471,312,190,108,79,69,94,218,453,755,1044,1155,1270,1362,1407,1408,1266,1105,937,820,711,618
8/26/2013 14:00,89,62,40,32,58,153,351,605,950,1319,1637,1891,1985,1989,1848,1565,1326,1136,927,679,488,325,211,128,65,26,7,6,16,32,54,68,64,64,79,138,250,412,673,1033,1361,1534,1597,1544,1411,1262,1089,889,697,470,310,193,108,77,71,96,217,458,718,1042,1175,1240,1347,1421,1400,1275,1100,943,823,701,631,602
8/26/2013 15:00,57,35,33,60,163,355,613,953,1330,1684,1874,2018,1978,1843,1618,1299,1068,909,668,483,323,205,127,62,23,7,7,16,30,53,67,62,68,76,137,256,416,670,1029,1360,1505,1496,1510,1395,1235,1054,876,670,460,303,191,111,72,70,93,200,414,671,911,1087,1182,1279,1356,1375,1261,1142,979,874,762,651,634,648
8/26/2013 16:00,28,24,49,150,334,584,924,1309,1679,1898,1978,1997,1847,1631,1380,1061,840,668,488,329,205,125,63,24,6,7,17,30,53,67,62,68,78,137,256,416,678,1028,1340,1500,1507,1427,1383,1235,1045,864,673,473,299,190,110,74,64,87,197,414,671,906,1068,1182,1292,1357,1372,1262,1125,997,882,769,681,636,648,680
8/26/2013 17:00,24,44,152,326,570,902,1311,1623,1902,1992,1952,1813,1527,1270,1030,796,596,485,356,236,149,75,33,9,9,13,23,38,45,45,61,98,191,330,485,723,1015,1266,1351,1339,1247,1145,1002,907,730,556,376,232,127,70,50,53,80,192,406,683,912,1041,1155,1247,1311,1299,1180,1042,910,825,710,642,602,614,637,670
8/26/2013 18:00,40,129,301,549,865,1267,1660,1839,2044,1987,1800,1528,1263,1027,844,621,453,354,244,153,75,32,8,9,13,23,38,45,45,63,106,190,334,487,721,1010,1248,1349,1322,1251,1131,1001,879,730,548,366,231,130,69,49,54,79,191,403,670,914,1047,1145,1248,1303,1291,1186,1053,904,789,711,628,606,611,642,668,747
8/26/2013 19:00,124,313,543,898,1288,1657,1938,2001,2037,1812,1531,1260,1047,824,628,472,345,243,157,76,32,9,9,13,23,37,45,45,63,102,194,332,489,723,996,1227,1314,1322,1236,1131,967,882,723,556,366,225,129,71,48,53,81,193,399,668,906,1048,1147,1249,1309,1302,1198,1050,907,789,685,626,590,606,624,672,756,876
8/26/2013 20:00,315,573,881,1325,1676,1905,2060,1996,1857,1546,1280,1045,874,614,480,358,242,157,78,32,8,9,13,24,37,44,45,63,102,190,329,480,715,993,1221,1315,1301,1229,1122,976,844,725,555,373,225,126,69,52,52,80,193,402,667,904,1040,1144,1253,1328,1307,1212,1057,904,797,688,607,595,589,624,659,753,875,1090
8/26/2013 21:00,559,870,1143,1429,1508,1545,1532,1456,1361,1250,1088,905,731,569,409,301,182,93,36,12,6,11,18,25,33,41,68,149,357,685,916,1095,1143,1150,1238,1292,1283,1161,985,836,715,628,493,367,261,202,197,194,219,339,578,851,1117,1320,1450,1482,1385,1225,994,767,588,528,510,508,516,518,516,533,590,669,825,1026
8/26/2013 22:00,880,1209,1493,1615,1665,1634,1583,1521,1484,1298,1087,850,667,483,330,172,88,33,8,7,15,18,20,25,31,47,95,367,813,1184,1371,1446,1499,1577,1614,1561,1390,1158,968,780,607,463,334,246,200,187,185,211,348,589,889,1169,1366,1506,1514,1426,1257,985,747,550,493,476,495,485,467,470,490,569,708,946,1186,1440
8/26/2013 23:00,1163,1431,1480,1501,1501,1428,1347,1239,1073,868,687,556,414,290,184,92,34,12,8,12,21,28,34,39,67,155,360,701,958,1099,1111,1143,1230,1284,1269,1134,954,815,722,587,478,371,282,226,178,176,208,322,515,790,1075,1294,1443,1442,1364,1205,976,761,611,527,497,492,470,468,483,515,541,648,811,1007,1214,1476
8/27/2013 0:00,1204,1307,1307,1309,1324,1284,1211,1077,871,677,536,411,280,170,89,34,13,8,12,21,26,35,39,67,149,358,665,949,1075,1125,1124,1198,1281,1256,1142,953,837,727,608,472,367,285,226,202,183,219,340,559,839,1114,1351,1485,1475,1361,1211,976,750,601,550,500,479,462,448,469,506,551,651,819,1010,1253,1481,1760
8/27/2013 1:00,1204,1307,1307,1309,1324,1284,1211,1077,871,677,536,411,280,170,89,34,13,8,12,21,26,35,39,67,149,358,665,949,1075,1125,1124,1198,1281,1256,1142,953,837,727,608,472,367,285,226,202,183,219,340,559,839,1114,1351,1485,1475,1361,1211,976,750,601,550,500,479,462,448,469,506,551,651,819,1010,1253,1481,1760
8/27/2013 2:00,1182,1212,1255,1272,1214,1069,884,703,553,420,296,183,83,27,7,7,12,16,23,34,38,67,150,367,664,899,1058,1150,1195,1268,1283,1281,1137,984,833,721,604,489,362,274,221,195,187,226,334,555,838,1109,1346,1517,1511,1392,1232,992,752,582,524,503,479,438,413,429,482,539,647,796,983,1182,1415,1665,1836,1912
8/27/2013 3:00,867,1067,1151,1163,1024,831,664,530,392,291,177,85,24,6,5,12,18,22,31,38,68,148,359,668,910,1050,1114,1163,1220,1296,1278,1172,969,848,730,615,480,363,283,219,193,190,226,335,530,802,1064,1297,1473,1482,1390,1193,970,737,574,517,494,478,447,422,430,479,566,682,823,974,1172,1415,1649,1811,1865,1869
8/27/2013 4:00,940,1073,1087,986,804,637,506,393,274,176,86,23,5,6,12,18,22,31,36,69,154,365,661,915,1060,1106,1159,1214,1306,1282,1162,973,849,737,618,482,362,281,219,192,187,220,336,523,802,1052,1284,1461,1468,1381,1204,952,731,584,523,484,472,446,428,438,485,576,687,820,968,1179,1409,1671,1809,1868,1856,1828
8/27/2013 5:00,1090,1120,979,811,624,468,351,243,144,74,19,6,11,21,25,32,38,48,65,125,339,667,962,1211,1337,1431,1493,1556,1560,1438,1270,1087,890,679,495,337,237,181,160,158,189,280,433,715,1020,1276,1435,1450,1358,1200,965,723,575,542,508,485,473,463,487,555,649,763,879,1005,1202,1429,1708,1871,1909,1892,1819,1763
8/27/2013 6:00,1010,932,784,623,468,349,230,132,67,19,5,12,20,25,33,40,45,61,127,329,667,986,1225,1342,1456,1499,1555,1547,1440,1267,1095,892,682,495,335,243,180,157,157,193,285,442,711,1009,1266,1434,1442,1357,1201,964,729,568,516,486,461,461,466,488,550,637,762,905,1056,1201,1417,1703,1886,1892,1879,1834,1753,1619
8/27/2013 7:00,864,726,594,449,332,219,129,63,19,6,12,22,26,33,37,43,60,120,324,631,987,1214,1338,1423,1497,1510,1479,1400,1262,1091,904,691,504,342,241,180,155,148,192,294,464,763,1052,1338,1473,1478,1385,1226,977,726,564,510,480,463,456,474,497,571,679,809,986,1128,1354,1570,1806,1995,2041,1927,1887,1811,1711,1574
8/27/2013 8:00,710,552,423,315,216,132,62,18,5,11,22,28,36,36,39,60,121,319,653,963,1214,1336,1432,1506,1569,1466,1389,1265,1091,906,694,505,341,241,179,151,144,179,293,464,760,1059,1321,1490,1491,1382,1222,996,754,547,474,482,463,454,466,506,564,677,809,941,1130,1342,1561,1834,1983,2036,1985,1869,1815,1696,1573,1440
8/27/2013 9:00,604,469,379,292,194,116,52,23,14,13,21,29,36,44,61,109,213,389,620,859,1066,1175,1159,1048,974,915,977,941,835,607,427,286,218,176,162,170,183,243,367,570,766,928,1039,1122,1128,1097,986,824,689,617,570,560,471,420,431,576,809,1077,1329,1599,1945,2375,2812,3055,3025,2844,2592,2301,2026,1766,1612,1503
8/27/2013 10:00,465,365,282,190,109,48,22,11,11,21,30,35,44,59,104,212,401,604,862,1050,1173,1159,1046,975,955,976,959,811,604,418,292,218,178,161,171,187,237,350,563,766,948,1044,1103,1127,1095,991,827,693,631,594,534,485,422,428,578,805,1074,1333,1593,1961,2364,2838,3064,3031,2799,2609,2339,2027,1781,1606,1499,1386
8/27/2013 11:00,No Data,No Data,No Data,No Data,No Data,No Data,No Data,No Data,No Data,No Data,No Data,No Data,No Data,No Data,No Data,No Data,No Data,No Data,No Data,No Data,No Data,No Data,No Data,No Data,No Data,No Data,No Data,No Data,No Data,No Data,No Data,No Data,No Data,No Data,No Data,No Data,No Data,No Data,No Data,No Data,No Data,No Data,No Data,No Data,No Data,No Data,No Data,No Data,No Data,No Data,No Data,No Data,No Data,No Data,No Data,No Data,No Data,No Data,No Data,No Data,No Data,No Data,No Data,No Data,No Data,No Data,No Data,No Data,No Data,No Data,No Data,No Data
8/27/2013 12:00,377,243,149,77,41,23,19,26,34,37,48,58,93,198,373,605,856,990,1142,1146,1053,987,953,999,961,779,582,402,280,210,181,159,166,175,222,321,525,750,941,1056,1133,1131,1122,1020,856,722,666,612,567,482,401,418,547,783,1061,1381,1681,2067,2461,2888,3086,3091,2839,2559,2276,2015,1758,1571,1467,1343,1233,1151
8/27/2013 13:00,234,130,69,33,22,18,23,31,37,43,59,95,192,360,555,834,966,1048,1079,1028,974,971,1017,974,841,600,420,300,226,187,172,174,189,246,363,596,837,1044,1148,1223,1221,1188,1059,888,746,683,628,564,480,406,396,526,758,1020,1305,1594,1958,2330,2686,2909,2900,2752,2452,2180,1910,1699,1535,1428,1338,1218,1112,1021
8/27/2013 14:00,150,68,34,23,18,24,32,39,43,57,97,212,365,582,795,992,1078,1045,1019,969,973,1012,978,827,616,424,299,229,189,170,179,190,248,363,592,830,1046,1170,1215,1228,1182,1061,895,752,673,627,574,480,408,410,521,757,1023,1362,1692,1925,2342,2686,2906,2905,2732,2520,2215,1923,1685,1545,1439,1327,1237,1112,1001,911
8/27/2013 15:00,76,35,24,21,25,30,39,48,62,100,211,394,575,800,941,1048,1017,961,966,973,1021,976,835,604,427,300,229,197,171,184,207,256,367,597,837,1053,1186,1247,1243,1203,1088,913,776,680,623,571,486,406,402,516,758,1017,1359,1692,2013,2279,2671,2879,2877,2732,2493,2288,1996,1698,1535,1445,1331,1230,1116,996,888,800
8/27/2013 16:00,25,16,15,17,25,33,45,57,93,208,379,587,802,979,1052,1022,949,924,973,1026,981,835,611,427,300,230,195,173,185,207,270,371,601,837,1053,1178,1247,1252,1194,1097,935,780,690,626,560,479,414,402,515,755,1045,1326,1702,2057,2404,2666,2916,2878,2713,2528,2252,2003,1772,1589,1490,1331,1224,1129,1000,891,783,693
8/27/2013 17:00,2,2,6,14,26,41,57,91,198,354,505,695,771,877,860,844,848,900,994,997,881,686,504,364,280,221,189,180,208,273,403,559,709,817,933,965,1009,973,884,751,670,624,590,575,499,451,487,659,939,1235,1461,1575,1791,2160,2572,2829,2840,2696,2462,2255,1997,1799,1610,1516,1362,1245,1141,1064,919,809,702,637
8/27/2013 18:00,3,6,14,25,39,58,94,200,354,567,689,863,892,932,869,835,890,967,991,880,685,493,369,279,223,186,179,196,273,398,561,706,834,926,965,972,979,884,760,657,630,598,562,506,442,473,684,937,1238,1412,1595,1775,2156,2585,2870,2861,2700,2483,2234,1997,1777,1664,1520,1368,1253,1135,1031,948,809,703,631,579
8/27/2013 19:00,7,13,25,41,62,101,213,362,577,746,839,958,943,964,909,918,1012,1006,899,685,478,351,274,215,189,178,186,231,350,495,642,768,872,928,944,921,885,769,692,655,648,619,552,498,511,689,955,1224,1387,1546,1788,2187,2549,2869,2900,2682,2408,2158,1915,1726,1583,1496,1371,1230,1133,1017,909,820,669,577,490,419
8/27/2013 20:00,14,24,41,63,103,211,363,514,718,912,956,989,962,967,992,985,1005,886,676,478,344,270,219,186,181,190,232,346,496,640,770,891,925,939,920,856,772,696,661,639,612,559,491,515,683,936,1247,1386,1545,1800,2150,2612,2864,2900,2741,2447,2166,1924,1708,1583,1469,1394,1267,1131,1028,905,824,702,577,488,423,386
8/27/2013 21:00,35,45,61,101,241,426,605,766,997,1179,1268,1370,1392,1369,1306,1247,972,739,509,347,219,141,99,95,128,194,341,537,683,787,856,867,814,768,700,614,547,511,467,433,378,350,365,547,826,1185,1617,1979,2244,2509,2612,2703,2688,2649,2524,2228,1889,1650,1510,1457,1341,1265,1143,1022,895,798,668,538,440,383,368,394
8/27/2013 22:00,47,62,101,243,440,609,780,978,1168,1324,1369,1414,1376,1315,1206,982,747,501,343,219,140,99,94,121,211,340,519,679,784,854,870,832,776,701,616,548,514,478,426,378,336,374,540,825,1175,1572,1941,2269,2455,2636,2673,2710,2652,2524,2278,1912,1613,1502,1444,1368,1245,1161,1044,905,771,688,548,435,383,373,395,435
8/27/2013 23:00,74,95,202,393,560,694,911,1091,1293,1388,1400,1368,1330,1227,1037,752,507,333,216,138,99,95,120,190,360,510,665,771,856,864,835,784,707,629,567,534,500,464,417,361,385,518,737,1021,1418,1870,2215,2517,2674,2724,2769,2692,2544,2281,1942,1603,1432,1426,1335,1211,1117,1004,884,756,629,525,442,369,374,398,435,489
8/28/2013 0:00,84,197,389,561,679,880,1056,1191,1342,1383,1381,1328,1240,1038,786,567,336,215,139,98,93,122,193,354,525,661,767,831,854,815,761,691,614,558,529,489,452,383,386,369,511,738,1024,1421,1841,2236,2487,2676,2723,2736,2704,2578,2312,1951,1666,1445,1369,1351,1244,1099,993,878,758,638,531,440,385,358,396,446,490,563
8/28/2013 1:00,200,381,553,676,893,1051,1189,1319,1393,1405,1336,1220,1041,812,597,366,242,161,120,115,144,243,416,613,756,836,883,870,830,754,684,615,561,545,516,487,438,400,433,522,726,1046,1457,1936,2315,2635,2790,2840,2852,2786,2633,2382,2047,1710,1524,1407,1312,1244,1130,986,871,764,644,516,406,340,334,351,406,489,552,627
8/28/2013 2:00,426,555,689,890,1056,1165,1282,1374,1384,1344,1224,1025,808,580,414,237,160,121,115,142,236,416,601,761,855,880,872,814,757,678,614,563,544,517,487,437,402,404,532,715,1006,1481,1945,2324,2615,2791,2836,2846,2781,2644,2389,2044,1760,1523,1430,1313,1206,1128,992,870,747,628,510,406,340,334,370,407,476,557,634,690
8/28/2013 3:00,505,623,823,1013,1194,1315,1384,1396,1356,1236,1047,800,587,429,290,163,121,122,147,240,412,604,757,876,909,872,820,753,678,613,565,547,520,500,448,411,413,525,731,985,1453,1986,2403,2712,2824,2883,2861,2821,2687,2428,2116,1782,1573,1433,1333,1210,1102,992,877,750,620,497,400,342,326,368,405,465,545,643,707,757
8/28/2013 4:00,625,829,1003,1178,1309,1379,1351,1337,1236,1033,831,584,419,278,189,119,117,155,243,415,596,750,861,920,889,817,750,674,613,564,551,518,500,452,413,415,525,721,1019,1419,1970,2421,2699,2831,2889,2885,2797,2673,2432,2083,1799,1573,1463,1332,1221,1102,1003,871,746,620,499,400,338,335,364,405,476,547,625,706,756,797
8/28/2013 5:00,739,957,1152,1302,1394,1439,1394,1293,1133,899,683,471,320,236,192,148,178,277,447,654,807,887,949,925,836,792,717,661,634,646,697,705,692,648,626,652,737,925,1299,1764,2198,2347,2443,2652,2789,2841,2682,2420,2118,1823,1690,1534,1416,1268,1148,1018,915,767,633,517,414,352,350,388,427,489,582,660,731,773,802,813
8/28/2013 6:00,946,1127,1272,1370,1409,1368,1237,1095,859,622,472,304,216,169,153,181,280,467,654,811,899,929,933,891,781,699,661,636,653,696,718,695,674,630,662,734,924,1279,1754,2147,2400,2406,2620,2752,2828,2666,2415,2107,1796,1624,1624,1401,1265,1151,1022,895,762,634,514,413,359,345,388,442,497,576,671,738,774,802,807,798
8/28/2013 7:00,912,1155,1264,1336,1314,1205,1058,859,608,420,305,204,159,144,164,275,464,674,799,891,936,910,873,840,709,640,627,649,706,737,722,673,677,701,797,973,1301,1724,2111,2267,2415,2526,2687,2784,2665,2407,2077,1784,1615,1538,1419,1296,1172,1047,917,778,656,571,509,486,494,542,598,687,790,864,949,957,964,953,914,831
8/28/2013 8:00,1198,1344,1357,1319,1213,1077,862,648,432,279,217,172,143,169,267,474,691,820,897,945,927,850,809,763,653,619,661,714,747,732,695,670,710,798,980,1292,1717,2077,2305,2334,2568,2661,2774,2617,2410,2081,1786,1590,1534,1447,1302,1179,1045,916,779,659,561,507,473,495,531,612,694,800,888,947,959,960,947,915,831,718
8/28/2013 9:00,1445,1768,1923,1924,1659,1342,1026,782,544,410,341,263,237,304,435,600,721,740,795,863,908,950,968,921,863,840,872,853,815,736,684,663,696,843,1136,1587,1966,2278,2395,2592,2788,2887,2728,2462,2104,1806,1597,1455,1352,1250,1130,1034,919,778,691,664,682,670,685,727,791,935,1092,1208,1247,1236,1215,1158,1096,963,795,602
8/28/2013 10:00,1708,1935,1915,1672,1310,1026,782,587,408,306,264,237,297,432,599,718,754,795,864,928,966,957,930,890,858,866,857,815,749,691,669,692,848,1134,1554,1978,2207,2395,2625,2757,2871,2712,2455,2092,1790,1580,1475,1353,1250,1136,1025,913,794,691,658,660,683,690,709,792,924,1093,1205,1253,1245,1204,1156,1081,975,786,596,437
8/28/2013 11:00,1696,1881,1624,1271,951,753,575,438,302,248,237,307,482,654,737,787,838,901,968,1006,985,924,898,867,876,840,781,706,657,625,663,815,1100,1486,1840,2175,2306,2597,2768,2882,2720,2433,2079,1759,1535,1402,1323,1198,1096,1002,878,764,687,636,640,647,674,687,747,883,1063,1200,1260,1242,1220,1160,1095,965,806,595,428,304
8/28/2013 12:00,1703,1536,1245,960,733,583,456,343,270,260,316,487,685,793,826,852,913,979,1010,995,949,898,864,859,858,779,698,656,628,666,826,1107,1483,1833,2114,2298,2549,2747,2880,2719,2422,2018,1750,1526,1391,1283,1225,1096,994,890,763,680,649,629,646,667,700,768,899,1065,1184,1264,1266,1224,1180,1091,962,796,613,428,295,199
8/28/2013 13:00,1533,1281,991,765,586,481,393,320,299,391,540,716,827,864,907,922,990,1020,988,929,864,808,788,740,702,620,572,582,644,824,1123,1523,1840,2121,2293,2585,2761,2872,2675,2364,1950,1608,1470,1339,1229,1142,1078,974,846,751,674,639,638,630,662,694,749,864,1011,1120,1135,1139,1096,1046,993,873,719,542,386,251,164,110
8/28/2013 14:00,1249,976,751,567,447,383,340,324,423,580,735,847,883,931,973,984,1025,995,928,862,815,792,741,688,635,577,582,653,824,1121,1521,1868,2115,2273,2551,2759,2877,2688,2361,1958,1602,1410,1356,1231,1134,1040,997,869,756,675,630,636,638,654,684,758,849,1004,1118,1157,1123,1101,1055,997,883,719,535,382,261,164,107,72
8/28/2013 15:00,809,687,518,416,344,319,329,415,600,779,827,852,900,945,1019,1038,1002,926,846,788,772,735,667,614,583,549,626,803,1110,1498,1860,2105,2247,2517,2730,2856,2673,2339,1923,1596,1369,1283,1221,1135,1025,952,858,755,678,637,623,642,660,682,745,854,987,1096,1139,1121,1057,1049,992,874,708,523,371,252,164,99,71,47
8/28/2013 16:00,617,483,376,323,297,304,419,586,804,893,843,896,981,1029,1068,993,930,839,785,748,723,680,612,572,584,612,799,1116,1498,1852,2117,2247,2517,2696,2841,2660,2355,1920,1583,1380,1273,1193,1126,1044,970,856,756,695,645,635,629,651,674,745,853,986,1092,1132,1120,1089,1016,994,885,711,524,367,251,161,101,65,47,36
8/28/2013 17:00,617,483,376,323,297,304,419,586,804,893,843,896,981,1029,1068,993,930,839,785,748,723,680,612,572,584,612,799,1116,1498,1852,2117,2247,2517,2696,2841,2660,2355,1920,1583,1380,1273,1193,1126,1044,970,856,756,695,645,635,629,651,674,745,853,986,1092,1132,1120,1089,1016,994,885,711,524,367,251,161,101,65,47,36
8/28/2013 18:00,617,483,376,323,297,304,419,586,804,893,843,896,981,1029,1068,993,930,839,785,748,723,680,612,572,584,612,799,1116,1498,1852,2117,2247,2517,2696,2841,2660,2355,1920,1583,1380,1273,1193,1126,1044,970,856,756,695,645,635,629,651,674,745,853,986,1092,1132,1120,1089,1016,994,885,711,524,367,251,161,101,65,47,36
8/28/2013 19:00,617,483,376,323,297,304,419,586,804,893,843,896,981,1029,1068,993,930,839,785,748,723,680,612,572,584,612,799,1116,1498,1852,2117,2247,2517,2696,2841,2660,2355,1920,1583,1380,1273,1193,1126,1044,970,856,756,695,645,635,629,651,674,745,853,986,1092,1132,1120,1089,1016,994,885,711,524,367,251,161,101,65,47,36
8/28/2013 20:00,617,483,376,323,297,304,419,586,804,893,843,896,981,1029,1068,993,930,839,785,748,723,680,612,572,584,612,799,1116,1498,1852,2117,2247,2517,2696,2841,2660,2355,1920,1583,1380,1273,1193,1126,1044,970,856,756,695,645,635,629,651,674,745,853,986,1092,1132,1120,1089,1016,994,885,711,524,367,251,161,101,65,47,36
8/28/2013 21:00,617,483,376,323,297,304,419,586,804,893,843,896,981,1029,1068,993,930,839,785,748,723,680,612,572,584,612,799,1116,1498,1852,2117,2247,2517,2696,2841,2660,2355,1920,1583,1380,1273,1193,1126,1044,970,856,756,695,645,635,629,651,674,745,853,986,1092,1132,1120,1089,1016,994,885,711,524,367,251,161,101,65,47,36
8/28/2013 22:00,290,543,837,1009,1086,1126,1139,1181,1141,1028,923,812,722,663,640,569,506,498,650,947,1196,1421,1596,1823,2040,2209,2380,2501,2533,2454,2264,2021,1813,1615,1462,1316,1145,1025,894,784,698,622,572,548,541,556,599,679,820,967,1084,1203,1245,1267,1202,1072,910,713,504,332,225,133,77,51,44,41,48,54,73,98,129,157
8/28/2013 23:00,645,916,1110,1145,1178,1221,1220,1198,1116,906,775,705,628,601,554,463,474,628,912,1213,1423,1558,1754,1982,2188,2307,2481,2514,2473,2269,2001,1813,1638,1507,1375,1226,1063,921,845,756,681,629,606,600,624,685,746,886,1023,1163,1297,1295,1278,1222,1094,926,702,494,332,219,142,86,51,40,38,42,55,73,99,128,156,181
8/29/2013 0:00,806,1041,1108,1167,1216,1213,1195,1060,901,748,670,617,563,545,511,509,629,938,1206,1440,1592,1750,1971,2205,2346,2479,2526,2458,2293,2035,1804,1624,1503,1357,1221,1058,914,805,746,678,625,603,601,632,681,785,884,1050,1154,1248,1323,1271,1232,1099,933,716,500,333,216,134,91,57,42,38,45,53,73,102,131,159,177,193
8/29/2013 1:00,1046,1126,1197,1246,1268,1223,1078,890,751,667,612,568,510,503,515,616,917,1204,1422,1576,1736,1922,2128,2318,2433,2454,2385,2199,1941,1756,1563,1474,1379,1241,1085,993,847,774,742,714,740,766,791,851,913,1045,1155,1280,1319,1355,1346,1253,1152,954,719,497,321,204,127,79,52,41,33,44,57,72,103,126,151,166,177,185
8/29/2013 2:00,1033,1153,1229,1240,1200,1062,869,709,639,592,555,506,453,494,641,892,1192,1422,1571,1746,1922,2128,2294,2468,2472,2388,2185,1933,1756,1593,1465,1376,1241,1085,954,850,769,726,716,738,762,785,840,935,1037,1178,1292,1346,1341,1326,1273,1118,959,729,496,320,200,126,78,51,41,33,42,57,71,96,126,150,168,175,186,195
8/29/2013 3:00,1109,1177,1258,1241,1107,901,722,632,578,548,536,510,521,702,971,1158,1413,1571,1739,1931,2118,2281,2436,2515,2384,2167,1904,1725,1579,1491,1363,1243,1083,957,853,772,720,716,746,766,828,877,960,1090,1227,1330,1386,1389,1367,1267,1149,957,729,507,315,201,125,81,48,42,34,42,54,71,97,119,145,166,180,185,196,195
8/29/2013 4:00,1146,1229,1261,1099,902,716,621,571,530,526,511,513,664,953,1241,1375,1567,1739,1950,2133,2283,2440,2478,2437,2187,1904,1714,1555,1487,1381,1243,1083,957,853,774,720,716,750,766,816,882,945,1097,1235,1341,1387,1399,1356,1279,1126,958,727,502,321,197,126,77,50,40,35,42,54,69,97,121,143,163,183,191,197,195,184
8/29/2013 5:00,1225,1235,1154,961,829,683,593,499,416,394,434,594,904,1242,1424,1618,1818,2058,2385,2583,2625,2492,2317,2135,1807,1517,1305,1229,1231,1229,1156,1054,894,761,664,613,640,675,710,784,882,980,1125,1281,1369,1419,1361,1270,1125,947,711,496,314,195,124,76,46,42,32,43,54,70,96,123,146,162,182,195,201,196,186,168
8/29/2013 6:00,1245,1147,976,820,731,627,545,448,404,436,603,905,1244,1472,1589,1846,2112,2387,2612,2625,2503,2317,2116,1834,1531,1339,1229,1197,1182,1154,1064,907,761,664,616,631,676,722,787,881,986,1100,1270,1362,1421,1364,1279,1125,938,717,485,314,192,119,75,47,38,35,39,54,70,97,121,146,164,180,190,201,199,186,169,149
8/29/2013 7:00,1188,1002,835,717,630,554,463,421,458,631,920,1249,1492,1696,1823,2241,2481,2643,2671,2513,2324,2110,1804,1535,1306,1229,1141,1110,1076,1028,924,728,611,557,563,589,634,679,757,859,975,1128,1243,1301,1282,1225,1081,917,705,486,312,199,124,74,50,39,30,35,41,58,78,101,123,140,159,168,180,186,185,168,142,120
8/29/2013 8:00,1091,872,734,641,538,443,415,449,620,908,1243,1467,1709,1900,2142,2497,2665,2667,2543,2324,2110,1808,1516,1328,1191,1198,1110,1049,988,876,736,618,557,562,587,629,670,752,869,968,1095,1208,1302,1274,1211,1084,916,702,485,306,205,123,73,45,39,30,33,41,58,78,101,121,139,159,169,180,185,181,173,145,122,109
8/29/2013 9:00,896,778,694,622,554,567,554,584,705,923,1253,1699,2141,2447,2698,2837,2812,2553,2270,2030,1705,1447,1235,1139,1112,1072,971,900,837,727,649,617,639,667,682,689,707,787,865,954,1047,1109,1129,1034,898,746,592,465,333,219,137,69,36,19,15,19,42,76,122,171,214,243,257,267,266,259,251,216,184,150,141,140
8/29/2013 10:00,713,651,611,559,526,543,585,693,919,1230,1705,2087,2486,2717,2832,2783,2579,2289,2040,1736,1447,1240,1118,1114,1073,1016,930,812,727,648,617,648,667,682,681,713,775,857,959,1035,1121,1120,1043,891,739,596,455,330,225,134,75,35,19,15,21,42,75,120,172,213,244,255,267,266,259,252,225,187,153,141,140,144
8/29/2013 11:00,679,619,588,511,500,584,717,944,1333,1878,2214,2506,2823,2892,2833,2562,2310,2062,1744,1453,1240,1124,1055,1055,1011,937,837,703,649,622,663,688,696,699,725,780,856,965,1049,1106,1117,1049,904,729,587,458,317,226,139,74,39,19,16,23,44,79,122,171,218,247,258,266,266,257,249,225,193,154,142,141,144,149
8/29/2013 12:00,759,672,553,487,522,687,943,1330,1777,2178,2474,2762,2960,2814,2597,2313,2063,1758,1466,1254,1123,1067,1013,996,938,841,705,630,624,661,694,702,698,728,794,846,956,1050,1114,1118,1036,903,748,590,451,315,211,135,80,39,20,16,23,42,77,122,171,218,246,258,264,259,253,243,214,189,164,140,140,144,149,165
8/29/2013 13:00,602,522,475,505,675,955,1364,1831,2199,2567,2787,2931,2943,2643,2367,2056,1767,1498,1242,1164,1061,1024,958,928,848,723,591,550,569,593,628,652,719,818,927,1054,1164,1236,1215,1116,968,804,631,490,346,242,143,85,49,22,13,18,33,62,94,140,188,219,244,259,269,281,270,240,207,178,159,142,145,149,166,175
8/29/2013 14:00,523,490,504,643,917,1344,1866,2241,2534,2836,2895,2866,2742,2383,2134,1746,1497,1274,1136,1112,1022,973,891,834,730,625,550,562,598,624,660,721,819,932,1067,1149,1232,1210,1117,964,809,638,490,349,242,151,89,48,22,13,19,34,66,101,140,188,218,245,259,269,279,273,240,203,171,158,152,148,150,168,176,165
8/29/2013 15:00,378,446,602,874,1348,1871,2309,2569,2825,2981,2892,2675,2477,2126,1825,1482,1270,1152,1121,1060,1001,897,798,724,646,579,561,587,624,650,732,823,947,1071,1169,1239,1223,1124,991,813,665,504,363,252,161,92,52,22,15,19,34,68,104,146,184,216,243,259,270,279,268,245,204,171,151,151,154,153,168,176,165,143
8/29/2013 16:00,384,538,800,1275,1881,2322,2680,2886,2985,2926,2704,2409,2216,1840,1577,1281,1191,1134,1073,1009,922,798,689,630,604,581,588,618,656,725,831,933,1089,1160,1247,1224,1124,985,830,657,527,369,252,161,92,50,23,15,20,36,71,108,150,184,216,243,258,270,279,267,241,206,168,148,144,153,156,172,176,168,142,119
8/29/2013 17:00,525,742,1214,1857,2389,2730,2976,3028,2948,2737,2420,2113,1914,1657,1486,1313,1220,1085,981,916,868,756,672,628,687,703,716,752,821,918,1020,1097,1150,1163,1147,1043,881,710,568,444,325,225,141,85,47,23,14,20,35,69,110,150,188,213,239,256,266,277,265,245,206,169,148,141,144,155,174,180,173,143,120,103
8/29/2013 18:00,712,1188,1833,2367,2743,2977,3060,2971,2726,2435,2116,1885,1723,1525,1374,1186,1093,1000,932,870,790,666,635,651,717,728,751,824,921,1014,1114,1139,1172,1138,1051,883,710,562,438,326,231,146,84,48,23,13,21,36,69,111,152,194,217,239,256,266,276,265,240,208,169,149,141,144,147,174,182,175,152,118,103,92
8/29/2013 19:00,No Data,No Data,No Data,No Data,No Data,No Data,No Data,No Data,No Data,No Data,No Data,No Data,No Data,No Data,No Data,No Data,No Data,No Data,No Data,No Data,No Data,No Data,No Data,No Data,No Data,No Data,No Data,No Data,No Data,No Data,No Data,No Data,No Data,No Data,No Data,No Data,No Data,No Data,No Data,No Data,No Data,No Data,No Data,No Data,No Data,No Data,No Data,No Data,No Data,No Data,No Data,No Data,No Data,No Data,No Data,No Data,No Data,No Data,No Data,No Data,No Data,No Data,No Data,No Data,No Data,No Data,No Data,No Data,No Data,No Data,No Data,No Data
8/29/2013 20:00,1974,2442,2756,3001,3099,3031,2787,2452,2134,1920,1653,1582,1463,1276,1107,970,931,890,795,708,647,637,671,717,762,824,926,1032,1103,1138,1164,1144,1048,883,709,562,435,323,233,152,93,51,24,14,19,34,76,111,155,197,224,247,254,266,276,265,239,201,165,151,141,143,148,167,173,174,157,130,113,97,104,156
8/29/2013 21:00,2500,2812,3021,3044,2971,2753,2453,2138,1863,1699,1527,1475,1373,1166,1066,981,967,875,787,707,702,707,736,797,876,966,1084,1135,1141,1119,1054,950,785,605,465,355,261,188,127,80,52,32,24,32,60,109,180,232,279,312,326,362,407,448,447,392,306,247,207,181,164,160,191,200,190,152,127,103,80,93,166,291
8/29/2013 22:00,3157,3071,2954,2888,2749,2533,2240,1923,1676,1635,1496,1353,1269,1142,1064,988,945,843,762,724,742,746,789,880,988,1097,1161,1141,1104,1035,918,752,586,443,342,252,179,119,76,52,35,25,36,66,123,189,261,324,362,383,404,436,473,473,409,320,256,217,189,174,170,191,202,190,153,125,107,89,111,191,324,494
8/29/2013 23:00,2856,2816,2798,2666,2483,2204,1925,1702,1585,1518,1379,1213,1109,1059,1018,913,818,736,746,737,761,793,873,1003,1105,1159,1143,1100,1030,922,749,586,451,337,252,179,120,81,51,35,27,36,70,116,176,258,324,358,389,408,430,465,469,409,320,256,210,188,174,169,191,199,190,153,126,107,92,122,199,331,494,709
8/30/2013 0:00,2444,2570,2552,2407,2155,1908,1721,1594,1494,1389,1205,1097,1025,989,946,813,741,716,722,756,796,871,984,1127,1167,1158,1098,1023,916,748,583,452,347,248,180,120,81,56,33,27,35,68,117,175,245,319,354,381,404,427,449,445,404,316,254,215,184,173,167,189,200,187,152,126,111,94,118,198,334,501,701,954
8/30/2013 1:00,2912,2767,2569,2264,1978,1778,1675,1530,1413,1240,1097,1040,989,920,860,779,763,776,806,831,900,989,1125,1200,1170,1101,1009,898,726,573,431,328,236,165,110,76,55,35,27,37,72,137,206,286,352,395,416,435,455,470,444,398,311,257,223,197,176,169,185,190,174,139,114,103,92,116,189,328,500,691,961,1209
8/30/2013 2:00,2800,2571,2285,1982,1789,1681,1579,1420,1229,1107,1033,996,909,838,792,784,778,797,829,893,1006,1115,1188,1198,1110,1018,900,737,571,435,326,239,169,108,76,53,37,29,37,72,134,204,286,350,393,416,433,458,465,452,382,297,244,221,197,182,163,185,190,174,135,114,100,89,116,188,321,520,713,951,1208,1502
8/30/2013 3:00,2542,2277,2017,1792,1696,1583,1460,1254,1093,1033,981,920,840,783,777,800,800,824,897,991,1131,1179,1184,1134,1022,906,734,582,434,328,240,171,111,74,53,35,31,37,76,136,206,289,351,391,418,437,458,477,451,396,296,235,214,196,181,169,179,190,173,135,111,101,88,111,188,322,497,731,960,1197,1497,1716
8/30/2013 4:00,2233,1983,1812,1698,1586,1460,1262,1110,1028,962,908,835,786,772,780,817,823,897,992,1122,1189,1157,1109,1033,910,738,582,433,326,237,169,112,77,51,35,27,39,74,138,206,290,355,391,418,439,458,480,459,387,302,236,202,191,177,169,185,185,173,134,111,96,88,109,181,325,498,710,979,1206,1493,1710,1925
8/30/2013 5:00,1825,1712,1668,1580,1452,1245,1100,995,910,809,751,706,711,697,700,731,767,848,965,1068,1086,1026,962,851,703,554,442,348,258,185,118,79,53,38,34,36,85,168,281,404,472,507,521,509,497,480,462,393,300,244,209,180,173,166,188,189,170,135,111,96,81,111,181,318,495,709,959,1214,1494,1700,1913,2126
8/30/2013 6:00,1577,1595,1528,1406,1207,1095,979,900,816,747,703,680,706,700,700,778,861,961,1042,1075,1048,957,862,715,569,441,352,258,185,117,76,53,38,34,40,78,170,273,398,477,505,528,506,497,487,462,397,305,242,215,189,166,159,180,193,175,134,111,96,82,101,180,315,498,709,950,1213,1497,1709,1904,2116,2293
8/30/2013 7:00,1576,1536,1436,1225,1092,1001,936,860,803,729,681,653,661,632,673,778,871,920,933,922,872,768,656,546,414,316,240,166,104,67,45,39,39,42,85,168,291,391,466,510,512,488,458,440,418,347,266,211,189,185,172,171,204,228,225,184,143,120,95,107,179,328,516,741,998,1277,1598,1844,2070,2257,2413,2512
8/30/2013 8:00,1314,1290,1167,1044,962,916,856,783,737,679,650,638,653,653,756,879,934,921,893,865,771,641,546,436,318,240,169,105,67,49,39,39,42,85,169,284,406,458,498,515,485,455,435,420,361,271,210,188,181,184,178,201,226,215,182,142,118,96,107,181,319,515,746,1004,1272,1596,1859,2072,2273,2408,2521,2559
8/30/2013 9:00,1270,1183,1101,1012,984,940,887,818,775,689,654,628,628,666,763,828,853,818,779,699,566,447,357,272,190,139,100,72,58,50,47,53,102,187,299,403,465,459,456,418,382,344,331,289,240,203,221,282,377,486,588,655,665,602,539,469,412,377,364,380,471,736,1097,1472,1826,2071,2329,2495,2638,2714,2766,2763
8/30/2013 10:00,1142,1044,1020,963,928,872,818,761,711,649,615,634,675,726,813,857,853,774,685,564,444,348,262,192,138,98,73,58,50,47,53,102,185,296,397,458,474,455,401,380,351,327,289,237,215,219,289,376,490,590,656,653,600,517,476,420,374,370,382,484,712,1110,1479,1844,2086,2303,2518,2644,2725,2741,2791,2790
8/30/2013 11:00,839,879,900,899,863,794,754,706,679,620,619,680,762,782,838,860,798,682,551,443,352,264,187,136,96,69,55,50,48,48,98,185,298,398,454,472,468,402,366,350,333,284,238,211,232,288,378,487,596,656,653,586,530,462,420,382,364,387,483,725,1096,1493,1854,2092,2327,2505,2657,2730,2745,2780,2788,2745
8/30/2013 12:00,925,961,931,870,796,732,689,629,603,607,657,729,801,816,842,802,687,545,436,347,262,183,132,93,67,54,46,48,54,98,188,298,400,455,461,469,416,373,333,332,292,233,206,230,300,379,490,598,666,662,593,519,458,407,381,374,390,499,738,1130,1539,1829,2115,2317,2518,2645,2751,2806,2801,2778,2758,2698
8/30/2013 13:00,1011,957,892,801,770,710,692,639,642,692,743,810,843,863,827,735,578,444,353,270,188,136,90,66,52,42,42,49,98,185,295,396,456,464,459,420,384,349,332,311,255,216,223,285,368,464,560,632,629,562,496,433,398,366,374,391,511,776,1209,1633,1959,2171,2407,2585,2726,2807,2870,2866,2833,2790,2729,2575
8/30/2013 14:00,1040,968,820,779,728,687,657,626,667,738,795,848,880,832,724,594,445,339,264,189,134,90,66,50,41,43,48,96,186,294,396,447,461,445,404,377,355,335,291,253,219,222,277,364,462,558,621,629,566,494,437,392,366,370,399,529,816,1260,1700,1996,2209,2391,2605,2725,2818,2870,2853,2837,2776,2697,2545,2276
8/30/2013 15:00,1020,861,788,744,705,673,675,676,750,815,856,884,839,731,589,458,343,257,189,135,88,66,50,42,41,46,97,182,293,393,444,458,453,402,374,355,347,300,237,217,227,278,355,463,568,617,637,573,494,434,392,364,377,404,528,815,1274,1700,1996,2210,2399,2568,2752,2803,2877,2854,2857,2774,2667,2545,2282,1974
8/30/2013 16:00,912,839,768,724,697,632,702,719,784,828,850,812,717,571,440,340,253,186,127,84,56,49,41,40,46,94,190,296,398,450,465,454,410,372,350,347,309,244,202,224,280,362,456,556,629,630,567,498,432,385,361,375,405,522,826,1293,1723,2034,2260,2453,2625,2762,2895,2884,2935,2921,2847,2785,2659,2429,2104,1771
8/30/2013 17:00,731,722,687,664,659,667,774,809,836,877,829,728,592,454,346,259,185,125,92,67,51,42,40,49,86,158,264,358,423,449,442,445,461,488,471,403,291,216,202,253,331,404,482,571,614,605,544,485,444,402,419,439,550,816,1274,1694,2005,2222,2414,2599,2757,2832,2896,2853,2872,2821,2736,2591,2355,2075,1769,1430
8/30/2013 18:00,759,720,691,678,723,771,872,858,852,835,728,597,459,343,264,178,126,91,68,51,41,40,47,86,155,261,361,427,456,443,453,461,494,483,399,293,220,223,249,327,410,478,576,611,599,534,488,452,417,409,439,566,833,1265,1707,2017,2221,2401,2601,2761,2848,2869,2887,2849,2816,2717,2576,2348,2059,1769,1442,1128
8/30/2013 19:00,768,727,692,730,787,807,868,881,811,725,599,472,351,258,184,130,92,68,51,40,38,46,83,153,254,359,430,451,438,448,464,494,480,407,295,219,225,269,326,410,490,569,615,602,532,474,450,419,414,434,567,844,1284,1708,2019,2221,2408,2609,2756,2850,2890,2856,2836,2788,2718,2564,2340,2058,1763,1449,1139,952
8/30/2013 20:00,617,653,699,770,862,841,878,839,712,584,472,355,246,172,121,89,64,51,35,39,49,85,151,245,339,426,453,442,445,463,500,480,405,296,220,212,256,328,399,490,575,608,602,537,478,432,420,415,428,563,843,1289,1733,2016,2223,2432,2601,2766,2844,2884,2873,2821,2787,2701,2564,2331,2041,1767,1450,1149,958,958
8/30/2013 21:00,580,656,715,792,857,838,838,760,649,541,428,295,188,130,89,63,44,29,23,37,69,131,208,303,368,415,421,427,441,471,470,398,297,222,209,230,280,351,420,517,560,554,507,452,397,338,307,266,327,579,1046,1567,2008,2344,2607,2768,2882,2941,2996,3050,3046,2899,2666,2412,2176,1940,1697,1456,1223,1031,906,864
8/30/2013 22:00,619,722,786,853,907,841,768,664,548,430,299,191,128,84,58,44,31,27,30,71,127,215,298,356,391,406,428,444,481,469,402,297,230,209,229,278,346,429,512,560,554,504,452,395,342,286,272,324,568,1020,1548,1983,2339,2602,2781,2879,2928,2971,3055,3041,2891,2672,2406,2169,1943,1694,1452,1235,1031,917,835,807
8/30/2013 23:00,712,804,839,878,858,733,649,534,416,290,190,129,84,55,41,31,29,33,64,127,206,306,359,379,389,408,442,483,465,390,298,231,220,230,290,346,419,514,556,553,494,447,394,346,301,277,383,639,1109,1607,2095,2424,2660,2808,2915,2956,3003,3049,3062,2928,2687,2440,2200,1976,1737,1491,1266,1131,982,899,844,928
8/31/2013 0:00,818,860,872,863,751,649,538,414,292,197,130,77,56,37,29,28,34,66,126,209,292,362,380,383,404,424,474,470,399,294,232,221,242,289,349,418,509,548,548,488,435,397,351,293,273,343,640,1107,1622,2069,2435,2667,2826,2930,2985,3046,3077,3073,2940,2717,2456,2221,1996,1763,1512,1285,1124,1040,927,869,896,1040
8/31/2013 1:00,921,917,875,754,659,542,416,297,193,133,84,52,39,30,29,35,69,126,206,297,349,387,387,388,415,456,442,404,297,232,219,244,291,350,421,497,544,547,498,435,376,350,297,269,343,616,1112,1622,2081,2428,2679,2830,2936,2986,3051,3110,3108,2944,2718,2476,2247,1995,1758,1525,1287,1119,1009,953,884,920,1032,1214
8/31/2013 2:00,984,924,773,655,542,424,300,203,134,89,55,37,28,28,33,70,126,204,289,350,372,391,391,403,443,442,380,300,232,220,240,292,352,422,498,538,545,485,443,377,324,296,273,363,635,1108,1628,2081,2426,2677,2820,2947,2985,3059,3116,3107,2972,2747,2501,2245,2014,1750,1524,1305,1127,992,947,916,961,1023,1186,1414
8/31/2013 3:00,939,790,674,543,422,312,207,145,93,62,40,32,30,35,68,129,204,291,342,373,374,402,405,409,429,378,298,234,220,244,293,354,429,498,540,543,491,438,384,324,281,270,345,628,1110,1615,2094,2429,2669,2840,2947,3001,3055,3118,3113,2972,2765,2494,2266,2012,1758,1503,1303,1137,994,926,900,959,1053,1181,1443,1646
8/31/2013 4:00,680,621,518,389,285,202,138,89,58,41,28,26,32,64,125,205,290,344,379,372,395,414,431,395,377,284,235,222,247,295,346,429,507,543,541,490,437,381,333,281,266,343,623,1109,1622,2085,2437,2666,2831,2956,3001,3052,3125,3116,2977,2750,2519,2258,2026,1756,1503,1269,1132,1014,928,897,959,1054,1201,1370,1672,1913
8/31/2013 5:00,510,450,366,238,168,117,75,49,36,33,29,35,75,142,232,311,359,384,383,391,420,433,429,368,301,244,235,256,309,363,448,529,573,572,527,458,389,335,289,260,316,555,1017,1508,1990,2387,2626,2782,2904,2972,3021,3077,3078,2953,2711,2484,2248,1998,1758,1508,1275,1120,998,919,898,905,1001,1127,1306,1562,1851,2089
8/31/2013 6:00,396,316,246,147,101,68,48,35,31,31,33,74,139,230,316,359,375,379,390,407,452,421,377,289,244,225,255,303,371,447,522,576,578,523,461,389,335,287,258,316,540,1017,1530,1986,2343,2626,2793,2905,2978,3021,3086,3104,2946,2736,2464,2254,2011,1749,1507,1271,1097,1007,919,879,935,987,1126,1313,1545,1790,2078,2277
8/31/2013 7:00,338,233,159,101,61,38,33,32,35,40,83,154,243,325,380,382,376,373,404,431,431,379,296,235,229,253,309,369,454,524,575,581,524,451,390,336,288,257,313,519,935,1493,1950,2314,2538,2750,2838,2921,2974,3003,3001,2910,2692,2458,2196,1965,1688,1404,1159,934,790,695,623,610,645,744,966,1222,1499,1801,2093,2237
8/31/2013 8:00,265,160,111,69,38,34,33,34,41,83,154,242,322,377,393,377,378,393,422,418,386,307,232,216,243,305,357,451,522,576,582,528,452,381,335,288,259,312,518,937,1452,1963,2322,2512,2687,2853,2910,3001,3026,2987,2875,2706,2453,2214,1952,1717,1422,1158,952,789,689,618,616,638,739,952,1229,1478,1781,2037,2191,2170
8/31/2013 9:00,187,123,83,57,42,39,42,47,101,170,261,325,360,381,370,356,373,413,406,359,283,223,196,218,280,342,396,452,474,464,398,311,243,199,169,153,195,358,697,1159,1649,2114,2427,2543,2671,2769,2776,2802,2742,2558,2332,2075,1762,1470,1193,960,736,516,336,204,166,196,266,352,486,688,945,1195,1467,1703,1807,1747
8/31/2013 10:00,126,83,53,47,39,43,50,103,179,264,333,367,387,372,368,370,415,411,359,275,222,202,225,268,334,407,444,477,464,401,318,245,200,174,152,195,360,701,1160,1658,2074,2427,2599,2699,2734,2778,2789,2709,2528,2288,2025,1739,1424,1172,938,736,504,314,190,147,177,244,330,461,650,902,1159,1387,1548,1584,1592,1517
8/31/2013 11:00,175,115,64,61,47,55,108,179,268,339,371,377,373,369,377,392,403,363,273,217,211,228,272,320,394,440,462,461,394,315,243,195,171,156,188,346,694,1157,1659,2094,2406,2641,2747,2774,2800,2825,2795,2598,2365,2057,1751,1471,1128,874,674,474,286,174,147,183,251,363,500,679,925,1182,1415,1570,1584,1544,1482,1376
8/31/2013 12:00,92,72,49,45,51,109,176,268,342,378,384,361,355,372,398,365,355,268,212,208,241,275,331,389,437,466,454,404,316,247,201,172,156,198,359,699,1161,1642,2069,2389,2581,2748,2764,2790,2786,2745,2558,2339,2045,1704,1416,1102,850,641,438,268,163,133,178,253,341,501,676,904,1171,1395,1552,1596,1512,1443,1353,1275
8/31/2013 13:00,45,40,36,47,97,170,256,334,366,377,353,346,357,377,365,316,256,199,184,231,279,327,396,444,475,468,402,321,242,199,174,159,202,382,731,1225,1703,2125,2440,2639,2754,2821,2793,2809,2755,2559,2325,2028,1727,1415,1116,879,690,504,345,260,257,377,473,603,730,917,1130,1357,1564,1696,1702,1617,1521,1422,1310,1181
8/31/2013 14:00,46,42,48,99,168,258,327,374,374,346,350,352,378,367,320,238,204,184,218,279,338,390,450,471,467,405,322,245,197,170,160,203,382,740,1224,1711,2119,2427,2627,2761,2818,2810,2764,2668,2558,2299,2050,1731,1445,1117,885,696,517,349,256,258,325,498,587,739,894,1140,1364,1571,1692,1697,1618,1526,1419,1342,1176,1027
8/31/2013 15:00,45,52,100,165,253,333,363,377,353,351,355,373,367,316,242,191,192,218,268,337,401,445,473,467,404,319,249,198,170,155,195,379,738,1219,1701,2118,2420,2616,2733,2811,2815,2779,2675,2490,2297,1997,1742,1449,1118,885,693,513,356,269,276,327,441,614,751,893,1124,1365,1571,1693,1690,1617,1527,1427,1320,1215,1022,856
8/31/2013 16:00,64,101,168,248,318,368,369,358,346,353,372,349,315,239,189,179,227,268,327,402,451,475,462,406,320,247,200,170,152,202,375,747,1243,1709,2125,2419,2618,2728,2773,2814,2799,2708,2502,2238,2024,1735,1457,1151,895,705,517,370,290,296,389,481,617,779,955,1174,1415,1627,1752,1742,1673,1587,1486,1386,1253,1112,902,717
8/31/2013 17:00,111,158,226,284,320,333,321,321,332,356,361,302,237,181,176,210,271,320,377,421,411,379,318,261,183,146,126,126,188,385,731,1192,1642,2059,2419,2680,2805,2882,2896,2918,2850,2677,2429,2092,1813,1483,1193,945,715,507,356,278,292,369,473,593,732,928,1146,1393,1614,1734,1733,1658,1581,1509,1405,1300,1152,961,798,633
8/31/2013 18:00,171,226,293,318,333,328,324,339,343,352,298,232,181,184,217,264,329,379,411,414,380,318,250,190,147,125,135,183,386,730,1190,1623,2069,2418,2676,2809,2860,2891,2886,2850,2692,2431,2094,1750,1483,1208,942,733,519,363,290,280,354,470,579,723,922,1145,1377,1608,1736,1737,1664,1580,1502,1420,1294,1165,980,792,631,487
8/31/2013 19:00,272,295,341,339,333,333,329,356,348,306,219,184,189,228,288,325,388,409,411,379,322,253,184,152,129,135,199,371,720,1166,1585,2017,2390,2644,2782,2847,2863,2874,2814,2692,2446,2098,1750,1422,1216,954,738,536,372,301,301,364,504,608,757,870,1069,1292,1495,1652,1676,1596,1515,1428,1340,1240,1092,939,759,596,466,358
8/31/2013 20:00,330,308,343,325,324,334,339,370,312,233,170,186,219,285,348,382,423,403,382,321,256,183,147,135,141,198,383,718,1166,1583,1993,2362,2622,2785,2843,2866,2856,2888,2715,2453,2118,1751,1467,1174,964,757,534,377,299,313,378,476,606,730,888,1074,1282,1496,1616,1637,1575,1509,1431,1344,1231,1100,913,764,597,459,358,306
8/31/2013 21:00,401,354,362,342,347,375,362,341,249,182,151,147,157,180,215,239,239,217,175,129,77,56,63,90,133,255,513,903,1382,1874,2287,2595,2741,2837,2832,2825,2796,2823,2726,2536,2216,1871,1588,1348,1146,939,693,521,517,675,958,1271,1652,2038,2309,2353,2249,2120,1952,1798,1614,1488,1363,1230,1096,940,810,638,517,426,413,432
8/31/2013 22:00,387,332,347,347,369,373,314,257,185,160,146,162,181,216,242,239,224,179,127,78,57,63,90,134,259,518,903,1380,1872,2279,2564,2735,2806,2807,2816,2804,2770,2720,2524,2219,1855,1564,1331,1125,926,713,523,518,673,955,1319,1695,2047,2300,2343,2231,2081,1911,1716,1566,1429,1310,1192,1045,889,747,615,478,407,394,418,452
8/31/2013 23:00,397,345,360,368,373,336,251,190,159,149,155,174,201,229,233,210,177,125,71,51,56,86,128,252,506,898,1379,1858,2267,2542,2694,2787,2793,2771,2789,2743,2652,2488,2189,1869,1529,1334,1144,936,709,534,529,683,967,1320,1706,2054,2257,2298,2207,2034,1877,1681,1498,1337,1234,1119,994,861,702,544,406,346,304,330,388,452
9/1/2013 0:00,354,334,366,356,335,252,181,154,139,143,160,188,210,219,198,168,126,72,50,50,71,106,221,477,866,1350,1843,2256,2537,2687,2763,2849,2800,2795,2761,2656,2455,2186,1832,1552,1295,1126,930,714,545,557,704,988,1332,1711,2098,2310,2323,2225,2070,1867,1679,1513,1346,1234,1115,990,850,712,548,411,341,351,333,375,468,559
